# Created by COMSOL Multiphysics.

# Major & minor version
0 1 
1 # number of tags
# Tags
5 mesh1 
1 # number of types
# Types
3 obj 

# --------- Object 0 ----------

0 0 1 
4 Mesh # class
4 # version
2 # sdim
257 # number of mesh points
0 # lowest mesh point index

# Mesh point coordinates
-0.01 -0.01 
-0.0084435526138964233 -0.01 
-0.01 -0.0084435526138964215 
-0.0070331454834273496 -0.01 
-0.0084471010388822206 -0.0084459190883111098 
-0.01 -0.0070331454834273504 
-0.0071542967534711033 -0.0089163741867137672 
-0.0058964127067245168 -0.01 
-0.0077378853624358278 -0.0077358540710369588 
-0.0089122936994313878 -0.0071458610705755835 
-0.01 -0.0058964127067245142 
-0.0070794871918444654 -0.0080875203616837532 
-0.0061424447732031946 -0.009051930862170288 
-0.0050000000000000001 -0.01 
-0.0074398346619352299 -0.0074378488633757532 
-0.0080853028146683457 -0.0070727900944429021 
-0.0090318520077166484 -0.0061091046783539084 
-0.01 -0.0049999999999999992 
-0.01 0.0050000000000000001 
0.0049999999999999992 -0.01 
-0.01 0.005896412706724515 
-0.0070644195637910709 -0.0075161033822106248 
-0.0062832618940700975 -0.0081694178587073986 
-0.0050960735746111022 -0.009024548507422089 
-0.0037500000000000012 -0.01 
-0.0075165845139323348 -0.0070612277418992857 
-0.0081648873683257944 -0.0062744432976684058 
-0.009024548507422089 -0.0050960735746111031 
-0.01 -0.0037500000000000003 
-0.01 0.0037499999999999994 
-0.009024548507422089 0.0050960735746111005 
-0.0081694178587073986 0.0062832618940700958 
-0.0075161033822106248 0.0070644195637910691 
0.003749999999999999 -0.01 
0.0050960735746111022 -0.009024548507422089 
0.0062744432976684049 -0.0081648873683257944 
0.0070612277418992848 -0.007516584513932334 
0.0058964127067245133 -0.01 
-0.009051930862170288 0.0061424447732031928 
-0.01 0.0070331454834273478 
-0.0080875203616837532 0.0070794871918444637 
-0.0074378488633757532 0.0074398346619352282 
-0.0071551662132563129 -0.0071535573773376764 
-0.0025000000000000005 -0.01 
-0.0065222201128350846 -0.0074510477457367143 
-0.0053806023225550633 -0.008086582874118578 
-0.0038531970345918902 -0.008871447286607723 
-0.0074504697980262193 -0.0065192623511561593 
-0.0080865828741185763 -0.0053806023225550642 
-0.0088714472866077178 -0.0038531970345918889 
-0.01 -0.0025000000000000005 
-0.0071535573773376764 0.0071551662132563112 
-0.01 0.0025000000000000005 
-0.008871447286607723 0.0038531970345918884 
-0.008086582874118578 0.0053806023225550616 
-0.0074510477457367143 0.0065222201128350829 
0.0025000000000000005 -0.01 
0.0038531970345918876 -0.0088714472866077178 
0.0053806023225550633 -0.0080865828741185763 
0.0065192623511561585 -0.0074504697980262184 
0.0071535573773376755 -0.007155166213256312 
0.0061091046783539075 -0.0090318520077166484 
0.0070727900944429012 -0.0080853028146683457 
0.0074378488633757523 -0.0074398346619352291 
0.0070331454834273496 -0.01 
-0.0089163741867137672 0.0071542967534711016 
-0.01 0.0084435526138964215 
-0.0077358540710369588 0.007737885362435826 
-0.0070612277418992857 0.0075165845139323331 
-0.0068650232103077214 -0.0068909575791592757 
-0.0012500000000000018 -0.01 
-0.0026103204945726755 -0.0087183460657933518 
-0.0058426520360844326 -0.0072221486888375264 
-0.0042257529031938298 -0.0076082285926482238 
-0.0072221486888375255 -0.0058426520360844317 
-0.0076082285926482212 -0.0042257529031938289 
-0.0087183460657933535 -0.0026103204945726764 
-0.01 -0.0012500000000000018 
-0.0068909575791592757 0.0068650232103077196 
-0.01 0.00125 
-0.0087183460657933518 0.0026103204945726755 
-0.0076082285926482238 0.004225752903193828 
-0.0072221486888375264 0.0058426520360844308 
0.0012500000000000002 -0.01 
0.0026103204945726764 -0.00871834606579335 
0.004225752903193828 -0.0076082285926482203 
0.0058426520360844308 -0.0072221486888375246 
0.0068909575791592749 -0.0068650232103077205 
0.0075161033822106239 -0.00706441956379107 
0.0071458610705755826 -0.0089122936994313878 
0.0077358540710369579 -0.0077378853624358269 
0.0084435526138964215 -0.01 
-0.01 0.01 
-0.0084459190883111098 0.0084471010388822189 
-0.0070727900944429021 0.008085302814668344 
-0.0065192623511561593 0.0074504697980262175 
0 -0.01 
-0.0064644660940672621 -0.0064644660940672621 
-0.0013051602472863395 -0.0081091730328966757 
-0.0030709034838325945 -0.0071298743111778678 
-0.0048555467532047161 -0.0064515610892400812 
-0.0064515610892400786 -0.0048555467532047161 
-0.007129874311177866 -0.0030709034838325966 
-0.008109173032896674 -0.0013051602472863397 
-0.01 0 
-0.0064644660940672621 0.0064644660940672621 
-0.0081091730328966757 0.0013051602472863378 
-0.0071298743111778678 0.0030709034838325945 
-0.0064515610892400812 0.0048555467532047144 
0.0013051602472863382 -0.008109173032896674 
0.0030709034838325966 -0.0071298743111778634 
0.0048555467532047153 -0.0064515610892400778 
0.0064644660940672621 -0.0064644660940672621 
0.0074510477457367134 -0.0065222201128350837 
0.0080875203616837532 -0.0070794871918444646 
0.0084459190883111098 -0.0084471010388822206 
0.01 -0.01 
-0.0084435526138964215 0.0099999999999999985 
-0.0071458610705755835 0.008912293699431386 
-0.0062744432976684058 0.0081648873683257926 
-0.0058426520360844317 0.0072221486888375238 
0 -0.0074999999999999989 
-0.0055805826175840782 -0.0055805826175840774 
-0.0015354517419162985 -0.0060649371555889344 
-0.0038684414703249992 -0.0056809734896426335 
-0.0056809734896426317 -0.0038684414703250001 
-0.0060649371555889318 -0.001535451741916299 
-0.0074999999999999997 -1.7347234759768071e-18 
-0.0055805826175840774 0.0055805826175840765 
-0.0060649371555889344 0.0015354517419162968 
-0.0056809734896426335 0.0038684414703249992 
0.0015354517419162975 -0.0060649371555889309 
0.0038684414703250001 -0.0056809734896426317 
0.0055805826175840765 -0.0055805826175840774 
0.0072221486888375255 -0.0058426520360844317 
0.0081694178587073986 -0.0062832618940700967 
0.0089163741867137672 -0.0071542967534711024 
0.01 -0.0084435526138964233 
-0.0070331454834273504 0.0099999999999999985 
-0.0061091046783539084 0.0090318520077166467 
-0.0053806023225550642 0.0080865828741185745 
-0.0048555467532047161 0.0064515610892400769 
0 -0.0049999999999999992 
-0.0046966991411008935 -0.0046966991411008935 
-0.0019342207351625009 -0.0040904867448213192 
-0.0040904867448213174 -0.001934220735162502 
-0.0050000000000000001 -1.7347234759768071e-18 
-0.0046966991411008935 0.0046966991411008935 
-0.0040904867448213192 0.0019342207351624992 
0.0019342207351625005 -0.0040904867448213166 
0.0046966991411008935 -0.0046966991411008935 
0.0064515610892400804 -0.0048555467532047153 
0.008086582874118578 -0.0053806023225550625 
0.009051930862170288 -0.0061424447732031937 
0.01 -0.0070331454834273487 
-0.0058964127067245142 0.0099999999999999985 
-0.0050960735746111031 0.0090245485074220873 
-0.0042257529031938289 0.0076082285926482194 
-0.0038684414703250001 0.0056809734896426317 
0 -0.0024999999999999996 
-0.002348349570550448 -0.002348349570550448 
-0.0025000000000000009 -1.7347234759768071e-18 
-0.002348349570550448 0.0023483495705504463 
0.0023483495705504467 -0.0023483495705504467 
0.0056809734896426335 -0.0038684414703249992 
0.0076082285926482229 -0.0042257529031938289 
0.009024548507422089 -0.0050960735746111013 
0.01 -0.0058964127067245159 
-0.0050000000000000001 0.01 
-0.0038531970345918889 0.008871447286607716 
-0.0030709034838325966 0.007129874311177866 
-0.001934220735162502 0.0040904867448213157 
0 0 
0.0040904867448213183 -0.0019342207351624994 
0.0071298743111778678 -0.0030709034838325945 
0.008871447286607723 -0.0038531970345918889 
0.01 -0.0049999999999999992 
-0.0037500000000000003 0.0099999999999999985 
-0.0026103204945726764 0.0087183460657933535 
-0.001535451741916299 0.00606493715558893 
-1.7347234759768071e-18 0.0024999999999999992 
0.0023483495705504459 0.0023483495705504476 
0.0024999999999999996 0 
0.0060649371555889335 -0.001535451741916297 
0.0087183460657933518 -0.0026103204945726755 
0.01 -0.0037499999999999999 
-0.0025000000000000005 0.01 
-0.0013051602472863397 0.0081091730328966723 
-1.7347234759768071e-18 0.0049999999999999984 
0.001934220735162499 0.0040904867448213183 
0.0046966991411008935 0.0046966991411008935 
0.0040904867448213148 0.0019342207351625018 
0.0049999999999999992 0 
0.0081091730328966757 -0.001305160247286338 
0.01 -0.0025000000000000005 
-0.0012500000000000018 0.0099999999999999985 
-1.7347234759768071e-18 0.007499999999999998 
0.0015354517419162966 0.0060649371555889335 
0.0038684414703249992 0.0056809734896426335 
0.0055805826175840756 0.0055805826175840765 
0.0056809734896426317 0.0038684414703250001 
0.0060649371555889292 0.0015354517419162988 
0.0074999999999999989 0 
0.01 -0.0012500000000000002 
0 0.01 
0.0013051602472863375 0.008109173032896674 
0.0030709034838325945 0.0071298743111778678 
0.0048555467532047135 0.0064515610892400804 
0.0064644660940672621 0.0064644660940672621 
0.006451561089240076 0.0048555467532047153 
0.0071298743111778634 0.0030709034838325966 
0.0081091730328966705 0.0013051602472863395 
0.01 0 
0.0012499999999999998 0.0099999999999999985 
0.0026103204945726755 0.0087183460657933518 
0.0042257529031938272 0.0076082285926482229 
0.00584265203608443 0.0072221486888375255 
0.0068650232103077188 0.0068909575791592749 
0.0072221486888375229 0.0058426520360844308 
0.0076082285926482186 0.004225752903193828 
0.00871834606579335 0.0026103204945726764 
0.0099999999999999967 0.0012500000000000015 
0.0025000000000000005 0.01 
0.003853197034591888 0.0088714472866077212 
0.0053806023225550607 0.0080865828741185763 
0.006522220112835082 0.0074510477457367134 
0.0071551662132563103 0.0071535573773376755 
0.0074504697980262167 0.0065192623511561585 
0.0080865828741185728 0.0053806023225550633 
0.0088714472866077143 0.0038531970345918884 
0.01 0.0025000000000000005 
0.003749999999999999 0.0099999999999999985 
0.0050960735746110996 0.0090245485074220873 
0.0062832618940700949 0.0081694178587073969 
0.0070644195637910683 0.0075161033822106239 
0.0075165845139323322 0.0070612277418992848 
0.0081648873683257909 0.0062744432976684049 
0.0090245485074220855 0.0050960735746111022 
0.0099999999999999967 0.0037499999999999999 
0.0049999999999999992 0.01 
0.006142444773203192 0.0090519308621702863 
0.0070794871918444628 0.0080875203616837515 
0.0074398346619352273 0.0074378488633757523 
0.0080853028146683423 0.0070727900944429012 
0.009031852007716645 0.0061091046783539075 
0.01 0.0050000000000000001 
0.0058964127067245142 0.0099999999999999985 
0.0071542967534711007 0.0089163741867137655 
0.0077378853624358252 0.0077358540710369579 
0.0089122936994313843 0.0071458610705755826 
0.0099999999999999967 0.0058964127067245133 
0.007033145483427347 0.0099999999999999985 
0.0084471010388822172 0.0084459190883111081 
0.0099999999999999967 0.0070331454834273496 
0.0084435526138964198 0.0099999999999999985 
0.0099999999999999967 0.0084435526138964198 
0.01 0.01 

3 # number of element types

# Type #0

3 vtx # type name


1 # number of nodes per element
33 # number of elements
# Elements
0 
13 
17 
18 
19 
43 
50 
52 
56 
92 
96 
97 
104 
105 
112 
116 
143 
147 
150 
168 
172 
176 
186 
190 
194 
204 
208 
212 
222 
230 
239 
245 
256 

33 # number of geometric entity indices
# Geometric entity indices
0 
9 
1 
5 
22 
13 
2 
4 
18 
6 
15 
7 
3 
8 
24 
26 
11 
12 
20 
10 
16 
27 
14 
21 
28 
17 
25 
29 
19 
30 
23 
31 
32 

# Type #1

3 edg # type name


2 # number of nodes per element
144 # number of elements
# Elements
1 0 
0 2 
3 1 
2 5 
7 3 
5 10 
13 7 
10 17 
18 20 
23 13 
24 13 
17 27 
17 28 
29 18 
30 18 
19 33 
19 34 
37 19 
20 39 
43 24 
45 23 
27 48 
28 50 
52 29 
54 30 
33 56 
34 58 
64 37 
39 66 
70 43 
71 43 
72 45 
48 74 
50 76 
50 77 
79 52 
80 52 
82 54 
56 83 
56 84 
58 86 
91 64 
66 92 
83 96 
96 70 
74 97 
97 72 
99 71 
76 102 
77 104 
104 79 
105 82 
107 80 
84 110 
86 112 
116 91 
92 117 
120 105 
96 121 
124 99 
102 125 
104 127 
130 107 
110 132 
112 134 
137 116 
117 138 
140 120 
121 142 
143 124 
125 143 
127 146 
147 130 
132 150 
134 152 
154 137 
138 155 
156 140 
158 147 
142 159 
146 161 
150 164 
152 166 
167 154 
168 156 
155 168 
170 158 
159 172 
161 172 
164 174 
166 176 
176 167 
168 177 
178 170 
180 172 
182 172 
174 184 
185 176 
186 178 
177 186 
188 180 
192 182 
184 194 
194 185 
186 195 
196 188 
190 198 
200 190 
202 192 
203 194 
204 196 
195 204 
198 206 
210 200 
212 202 
212 203 
204 213 
206 214 
208 216 
218 208 
220 210 
221 212 
214 222 
213 222 
216 224 
228 218 
230 220 
230 221 
222 231 
224 232 
237 228 
238 230 
232 239 
231 239 
245 237 
245 238 
239 246 
250 245 
246 251 
253 250 
251 254 
255 253 
254 256 
256 255 

144 # number of geometric entity indices
# Geometric entity indices
1 
0 
1 
0 
1 
0 
1 
0 
7 
32 
9 
28 
2 
6 
31 
18 
40 
20 
7 
9 
32 
28 
2 
6 
31 
18 
40 
20 
7 
11 
34 
32 
28 
29 
3 
4 
30 
31 
14 
36 
40 
20 
7 
14 
11 
28 
32 
34 
29 
3 
4 
31 
30 
36 
40 
20 
8 
33 
13 
34 
29 
5 
30 
36 
42 
22 
8 
33 
13 
34 
29 
5 
30 
36 
42 
22 
8 
33 
35 
13 
5 
38 
42 
22 
33 
8 
35 
13 
5 
38 
42 
22 
10 
35 
15 
16 
38 
23 
35 
10 
15 
16 
38 
23 
12 
15 
37 
39 
16 
24 
15 
12 
37 
39 
16 
24 
17 
37 
41 
43 
39 
25 
37 
17 
41 
43 
39 
25 
19 
41 
43 
26 
41 
19 
43 
26 
21 
27 
21 
27 
21 
27 
21 
27 

# Type #2

4 quad # type name


4 # number of nodes per element
224 # number of elements
# Elements
4 2 1 0 
6 4 3 1 
9 5 4 2 
11 8 6 4 
12 6 7 3 
15 9 8 4 
16 10 9 5 
14 8 21 11 
22 11 12 6 
7 13 12 23 
14 25 8 15 
26 16 15 9 
10 16 17 27 
20 18 38 30 
42 25 21 14 
44 21 22 11 
45 22 23 12 
13 24 23 46 
47 26 25 15 
48 27 26 16 
17 27 28 49 
18 29 30 53 
54 31 30 38 
55 32 31 40 
19 34 33 57 
37 61 19 34 
58 34 35 61 
59 35 36 62 
31 40 38 65 
38 65 20 39 
41 67 32 40 
51 68 32 41 
42 69 25 47 
42 21 69 44 
24 43 46 71 
22 45 44 72 
23 46 45 73 
26 47 48 74 
27 48 49 75 
28 49 50 76 
51 32 78 55 
29 52 53 80 
30 53 54 81 
31 54 55 82 
33 57 56 84 
34 58 57 85 
35 59 58 86 
60 87 36 59 
60 36 88 63 
61 37 89 64 
35 61 62 89 
63 36 90 62 
40 67 65 93 
65 93 39 66 
41 68 67 94 
51 78 68 95 
47 69 74 97 
69 44 97 72 
71 43 98 70 
46 71 73 99 
72 45 100 73 
74 101 48 75 
49 75 76 102 
76 103 50 77 
78 55 105 82 
80 52 106 79 
53 80 81 107 
82 54 108 81 
84 109 56 83 
57 85 84 110 
86 111 58 85 
59 87 86 112 
60 88 87 113 
63 90 88 114 
89 64 115 91 
62 89 90 115 
93 117 66 92 
94 118 67 93 
95 119 68 94 
95 78 120 105 
109 121 83 96 
98 70 121 96 
97 122 74 101 
97 72 122 100 
98 123 71 99 
100 73 124 99 
101 125 75 102 
103 76 126 102 
103 127 77 104 
106 79 127 104 
105 82 128 108 
106 129 80 107 
108 81 130 107 
109 84 131 110 
111 132 85 110 
112 133 86 111 
87 113 112 134 
113 88 135 114 
114 90 136 115 
115 91 137 116 
118 138 93 117 
119 139 94 118 
119 95 140 120 
105 128 120 141 
131 142 109 121 
123 98 142 121 
122 143 101 125 
122 100 143 124 
123 144 99 124 
126 102 145 125 
126 146 103 127 
129 106 146 127 
128 108 147 130 
129 148 107 130 
131 110 149 132 
133 150 111 132 
112 134 133 151 
135 152 113 134 
135 114 153 136 
136 115 154 137 
139 155 118 138 
140 156 119 139 
120 141 140 157 
128 147 141 158 
142 131 159 149 
142 159 123 144 
144 160 124 143 
145 125 160 143 
146 126 161 145 
146 161 129 148 
148 162 130 147 
149 132 163 150 
133 151 150 164 
134 152 151 165 
152 135 166 153 
153 136 167 154 
155 139 168 156 
156 140 169 157 
141 158 157 170 
171 158 162 147 
159 149 172 163 
159 172 144 160 
161 145 172 160 
161 172 148 162 
173 163 164 150 
151 165 164 174 
166 175 152 165 
167 176 153 166 
168 156 177 169 
169 157 178 170 
179 170 171 158 
180 171 172 162 
182 172 173 163 
183 173 174 164 
175 184 165 174 
176 185 166 175 
177 169 186 178 
187 178 179 170 
188 179 180 171 
180 172 189 181 
182 191 172 181 
192 182 183 173 
193 183 184 174 
185 194 175 184 
178 187 186 195 
179 188 187 196 
188 180 197 189 
189 181 198 190 
191 200 181 190 
192 201 182 191 
183 193 192 202 
184 194 193 203 
187 196 195 204 
197 205 188 196 
197 189 206 198 
199 207 190 198 
199 190 209 200 
201 210 191 200 
201 192 211 202 
193 203 202 212 
205 213 196 204 
205 197 214 206 
207 215 198 206 
208 216 199 207 
208 199 218 209 
209 200 219 210 
211 220 201 210 
211 202 221 212 
214 222 205 213 
223 214 215 206 
216 224 207 215 
217 225 208 216 
227 217 218 208 
218 209 228 219 
229 219 220 210 
220 211 230 221 
231 222 223 214 
232 223 224 215 
233 224 225 216 
226 234 217 225 
226 217 235 227 
236 227 228 218 
237 228 229 219 
238 229 230 220 
239 231 232 223 
224 233 232 240 
225 234 233 241 
226 235 234 242 
227 236 235 243 
228 237 236 244 
245 237 238 229 
246 239 240 232 
233 241 240 247 
242 235 248 243 
242 248 234 241 
236 244 243 249 
250 244 245 237 
240 247 246 251 
243 249 248 252 
241 248 247 252 
244 250 249 253 
247 252 251 254 
249 253 252 255 
252 255 254 256 

224 # number of geometric entity indices
# Geometric entity indices
1 
1 
1 
1 
1 
1 
1 
1 
1 
1 
1 
1 
1 
6 
1 
1 
1 
2 
1 
1 
2 
5 
6 
6 
9 
11 
11 
11 
6 
6 
6 
6 
1 
1 
2 
1 
2 
1 
2 
2 
6 
5 
5 
6 
9 
9 
11 
11 
11 
11 
11 
11 
6 
6 
6 
6 
1 
1 
3 
2 
2 
2 
2 
3 
6 
4 
5 
5 
7 
9 
9 
11 
11 
11 
11 
11 
6 
6 
6 
6 
7 
3 
2 
2 
3 
2 
2 
3 
3 
4 
5 
4 
5 
7 
9 
9 
11 
11 
11 
11 
6 
6 
6 
5 
7 
3 
2 
2 
3 
3 
3 
4 
5 
4 
7 
9 
9 
11 
11 
11 
6 
6 
5 
5 
7 
3 
3 
3 
3 
4 
4 
7 
9 
9 
11 
11 
6 
5 
5 
4 
7 
3 
3 
4 
7 
9 
9 
11 
5 
5 
4 
4 
7 
7 
9 
9 
5 
4 
4 
8 
8 
7 
7 
9 
4 
4 
8 
8 
8 
8 
7 
7 
4 
8 
8 
10 
10 
8 
8 
7 
8 
8 
10 
10 
10 
10 
8 
8 
8 
10 
10 
12 
12 
10 
10 
8 
10 
10 
12 
12 
12 
12 
10 
10 
10 
12 
12 
12 
12 
12 
10 
12 
12 
12 
12 
12 
12 
12 
12 
12 
12 
12 
12 
12 
