# Created by COMSOL Multiphysics.

# Major & minor version
0 1 
1 # number of tags
# Tags
5 mesh1 
1 # number of types
# Types
3 obj 

# --------- Object 0 ----------

0 0 1 
4 Mesh # class
4 # version
2 # sdim
273 # number of mesh points
0 # lowest mesh point index

# Mesh point coordinates
-0.01 -0.01 
-0.0074999999999999989 -0.0099999999999999985 
-0.0076516504294495561 -0.0076516504294495561 
-0.0099999999999999985 -0.0074999999999999989 
-0.0049999999999999992 -0.0099999999999999985 
-0.0059095132551786837 -0.0080657792648374995 
-0.0053033008588991067 -0.0053033008588991067 
-0.0080657792648374995 -0.0059095132551786854 
-0.0099999999999999985 -0.0049999999999999992 
-0.0024999999999999996 -0.0099999999999999985 
-0.0039350628444110667 -0.0084645482580837008 
-0.0043190265103573693 -0.0061315585296749979 
-0.0047140452079103166 -0.0047140452079103166 
-0.0061315585296750014 -0.0043190265103573667 
-0.0084645482580837008 -0.0039350628444110676 
-0.0099999999999999985 -0.0024999999999999996 
0 -0.01 
-0.0018908269671033223 -0.0086948397527136616 
-0.0028701256888221342 -0.006929096516167404 
-0.0038053014439590692 -0.0054734883410885232 
-0.0041247895569215274 -0.0041247895569215274 
-0.0054734883410885206 -0.0038053014439590697 
-0.0069290965161674057 -0.0028701256888221316 
-0.0086948397527136616 -0.0018908269671033243 
-0.01 0 
0.0024999999999999996 -0.0099999999999999985 
-0.0099999999999999985 0.0024999999999999996 
0 -0.0087500000000000008 
-0.0012816539342066476 -0.007389679505427323 
-0.0025512228345085613 -0.0061591969032599152 
-0.0032915763775607713 -0.0048154181525020458 
-0.0035355339059327381 -0.0035355339059327381 
-0.0048154181525020441 -0.0032915763775607722 
-0.0061591969032599126 -0.0025512228345085639 
-0.0073896795054273238 -0.0012816539342066443 
-0.0087500000000000008 0 
0.0049999999999999992 -0.0099999999999999985 
-0.0099999999999999985 0.0049999999999999992 
0.0018908269671033243 -0.0086948397527136616 
-0.0086948397527136616 0.0018908269671033243 
0 -0.0074999999999999997 
-0.0011795864536637323 -0.0065610951454145149 
-0.0022323199801949911 -0.0053892972903524256 
-0.0027778513111624743 -0.0041573479639155685 
-0.0030512779661314312 -0.0030506617904695207 
-0.0041573479639155685 -0.0027778513111624751 
-0.0053892972903524256 -0.0022323199801949929 
-0.0065610951454145141 -0.0011795864536637353 
-0.0074999999999999997 0 
0.0039350628444110676 -0.0084645482580837008 
0.0074999999999999989 -0.0099999999999999985 
-0.0084645482580837008 0.0039350628444110676 
-0.0099999999999999985 0.0074999999999999989 
0.0012816539342066443 -0.0073896795054273238 
-0.007389679505427323 0.0012816539342066476 
0 -0.0066666666666666662 
-0.0010775189731208204 -0.0057325107854017069 
-0.0019134171258814211 -0.0046193976774449369 
-0.0024835270614666427 -0.0034011178827023135 
-0.0027792143721451701 -0.0027686248338834934 
-0.0034317710402176739 -0.0025115993304563118 
-0.0046193976774449369 -0.0019134171258814233 
-0.0057325107854017043 -0.0010775189731208235 
-0.0066666666666666662 0 
0.0028701256888221316 -0.0069290965161674057 
0.0059095132551786854 -0.0080657792648374995 
0.01 -0.01 
-0.006929096516167404 0.0028701256888221342 
-0.0080657792648374995 0.0059095132551786854 
-0.01 0.01 
0.0011795864536637353 -0.0065610951454145141 
-0.0065610951454145141 0.0011795864536637353 
0 -0.0058333333333333327 
-0.00097545149257790838 -0.0049039264253888971 
-0.001782310621360394 -0.0036369083362669495 
-0.0023591240114025137 -0.0028424522744559372 
-0.0028528610943699701 -0.0023933970578209644 
-0.0036615105287985572 -0.0018050098522717451 
-0.0049039264253888963 -0.00097545149257791163 
-0.0058333333333333327 0 
0.0025512228345085639 -0.0061591969032599126 
0.0043190265103573667 -0.0061315585296750014 
0.0076516504294495561 -0.0076516504294495561 
0.0099999999999999985 -0.0074999999999999989 
-0.0061591969032599126 0.0025512228345085639 
-0.0061315585296749979 0.0043190265103573693 
-0.0076516504294495561 0.0076516504294495561 
-0.0074999999999999989 0.0099999999999999985 
0.0010775189731208235 -0.0057325107854017043 
-0.0057325107854017043 0.0010775189731208235 
0 -0.0050000000000000001 
-0.00093773393039620816 -0.0037701741244385561 
-0.0018435773831179303 -0.0028178615748098955 
-0.0024686629367423113 -0.0024684260613179565 
-0.002825944118809529 -0.0018508139432518622 
-0.0037848515053091445 -0.0009517631664966717 
-0.0050000000000000001 0 
0.0022323199801949929 -0.0053892972903524256 
0.0038053014439590697 -0.0054734883410885206 
0.0099999999999999985 -0.0049999999999999992 
0.0053033008588991067 -0.0053033008588991067 
0.0080657792648374995 -0.0059095132551786837 
-0.0053892972903524256 0.0022323199801949929 
-0.0054734883410885206 0.0038053014439590697 
-0.0053033008588991067 0.0053033008588991067 
-0.0059095132551786837 0.0080657792648374995 
-0.0049999999999999992 0.0099999999999999985 
0.0023933970578209644 -0.0028528610943699701 
0.0018050098522717451 -0.0036615105287985572 
0.00097545149257791163 -0.0049039264253888963 
-0.0049039264253888963 0.00097545149257791163 
-0.0036615105287985572 0.0018050098522717451 
-0.0028528610943699701 0.0023933970578209644 
0 -0.003905548950582885 
-0.0010369274992059849 -0.0026858577195670199 
-0.0021645780748231337 -0.0021596268288254163 
-0.0026900883518812093 -0.0010408651867548318 
-0.0039055489505828824 0 
0.0019134171258814233 -0.0046193976774449369 
0.0025115993304563118 -0.0034317710402176739 
0.0027686248338834934 -0.0027792143721451701 
0.0032915763775607722 -0.0048154181525020441 
0.0047140452079103166 -0.0047140452079103166 
0.0099999999999999985 -0.0024999999999999996 
0.0084645482580837008 -0.0039350628444110667 
0.0061315585296749979 -0.0043190265103573693 
-0.0046193976774449369 0.0019134171258814233 
-0.0048154181525020441 0.0032915763775607722 
-0.0047140452079103166 0.0047140452079103166 
-0.0043190265103573667 0.0061315585296750014 
-0.0039350628444110667 0.0084645482580837008 
-0.0024999999999999996 0.0099999999999999985 
-0.0034317710402176739 0.0025115993304563118 
0.0024684260613179565 -0.0024686629367423113 
0.0018508139432518622 -0.002825944118809529 
0.0009517631664966717 -0.0037848515053091445 
-0.0027792143721451701 0.0027686248338834934 
-0.0037848515053091445 0.0009517631664966717 
-0.002825944118809529 0.0018508139432518622 
-0.0024686629367423113 0.0024684260613179565 
0 -0.0026290595187372077 
-0.0014454834919446437 -0.0014453881251311246 
-0.0026290595187372077 0 
0.0027778513111624751 -0.0041573479639155685 
0.0030506617904695207 -0.0030512779661314312 
0.0028424522744559372 -0.0023591240114025137 
0.0041247895569215274 -0.0041247895569215274 
0.0054734883410885232 -0.0038053014439590692 
0.01 0 
0.0086948397527136616 -0.0018908269671033223 
0.006929096516167404 -0.0028701256888221342 
-0.0041573479639155685 0.0027778513111624751 
-0.0041247895569215274 0.0041247895569215274 
-0.0038053014439590692 0.0054734883410885232 
-0.0028701256888221316 0.0069290965161674057 
-0.0018908269671033223 0.0086948397527136616 
0 0.01 
-0.0030512779661314312 0.0030506617904695207 
0.0021596268288254163 -0.0021645780748231337 
0.0010408651867548318 -0.0026900883518812093 
-0.0023591240114025137 0.0028424522744559372 
-0.0026900883518812093 0.0010408651867548318 
-0.0021645780748231337 0.0021596268288254163 
0 -0.0013145468478209729 
-0.0013145468478209718 0 
0.0035355339059327381 -0.0035355339059327381 
0.0034011178827023135 -0.0024835270614666427 
0.0028178615748098955 -0.0018435773831179303 
0.0048154181525020458 -0.0032915763775607713 
0.0099999999999999985 0.0024999999999999996 
0.0061591969032599152 -0.0025512228345085613 
0.0087500000000000008 0 
0.007389679505427323 -0.0012816539342066476 
-0.0035355339059327381 0.0035355339059327381 
-0.0032915763775607713 0.0048154181525020458 
-0.0025512228345085613 0.0061591969032599152 
-0.0012816539342066443 0.0073896795054273238 
0 0.0087500000000000008 
0.0024999999999999996 0.0099999999999999985 
-0.0024835270614666427 0.0034011178827023135 
0.0014453881251311246 -0.0014454834919446437 
-0.0018435773831179303 0.0028178615748098955 
-0.0014454834919446437 0.0014453881251311246 
0 0 
0.0041573479639155685 -0.0027778513111624743 
0.0036369083362669495 -0.001782310621360394 
0.0026858577195670199 -0.0010369274992059849 
0.0053892972903524256 -0.0022323199801949911 
0.0099999999999999985 0.0049999999999999992 
0.0086948397527136616 0.0018908269671033223 
0.0065610951454145149 -0.0011795864536637323 
0.0074999999999999997 0 
-0.0027778513111624743 0.0041573479639155685 
-0.0022323199801949911 0.0053892972903524256 
-0.0011795864536637323 0.0065610951454145149 
0 0.0074999999999999997 
0.0018908269671033243 0.0086948397527136616 
0.0049999999999999992 0.0099999999999999985 
-0.001782310621360394 0.0036369083362669495 
0.0013145468478209729 0 
-0.0010369274992059849 0.0026858577195670199 
0 0.0013145468478209729 
0.0046193976774449369 -0.0019134171258814211 
0.0037701741244385561 -0.00093773393039620816 
0.0026290595187372077 0 
0.0057325107854017069 -0.0010775189731208204 
0.0099999999999999985 0.0074999999999999989 
0.0084645482580837008 0.0039350628444110667 
0.0073896795054273238 0.0012816539342066443 
0.0066666666666666662 0 
0.0074999999999999989 0.0099999999999999985 
-0.0019134171258814211 0.0046193976774449369 
-0.0010775189731208204 0.0057325107854017069 
0 0.0066666666666666662 
0.0012816539342066476 0.007389679505427323 
0.0039350628444110676 0.0084645482580837008 
-0.00093773393039620816 0.0037701741244385561 
0.0014453881251311246 0.0014454834919446437 
0 0.0026290595187372077 
0.0049039264253888971 -0.00097545149257790838 
0.003905548950582885 0 
0.0026858577195670199 0.0010369274992059849 
0.0058333333333333327 0 
0.01 0.01 
0.0080657792648374995 0.0059095132551786837 
0.0069290965161674057 0.0028701256888221316 
0.0065610951454145149 0.0011795864536637323 
0.0059095132551786854 0.0080657792648374995 
-0.00097545149257790838 0.0049039264253888971 
0 0.0058333333333333327 
0.0011795864536637353 0.0065610951454145141 
0.0028701256888221342 0.006929096516167404 
0.0021596268288254163 0.0021645780748231337 
0 0.003905548950582885 
0.0010408651867548318 0.0026900883518812093 
0.0050000000000000001 0 
0.0037701741244385561 0.00093773393039620816 
0.0028178615748098955 0.0018435773831179303 
0.0057325107854017069 0.0010775189731208204 
0.0076516504294495561 0.0076516504294495561 
0.0061315585296750014 0.0043190265103573667 
0.0061591969032599152 0.0025512228345085613 
0.0043190265103573693 0.0061315585296749979 
0 0.0050000000000000001 
0.0010775189731208235 0.0057325107854017043 
0.0025512228345085639 0.0061591969032599126 
0.0024684260613179565 0.0024686629367423113 
0.0018508139432518622 0.002825944118809529 
0.0009517631664966717 0.0037848515053091445 
0.0049039264253888971 0.00097545149257790838 
0.0036369083362669495 0.001782310621360394 
0.0028424522744559372 0.0023591240114025137 
0.0053892972903524256 0.0022323199801949911 
0.0053033008588991067 0.0053033008588991067 
0.0054734883410885232 0.0038053014439590692 
0.0038053014439590697 0.0054734883410885206 
0.00097545149257791163 0.0049039264253888963 
0.0022323199801949929 0.0053892972903524256 
0.0023933970578209644 0.0028528610943699701 
0.0018050098522717451 0.0036615105287985572 
0.0027686248338834934 0.0027792143721451701 
0.0046193976774449369 0.0019134171258814211 
0.0034011178827023135 0.0024835270614666427 
0.0048154181525020458 0.0032915763775607713 
0.0047140452079103166 0.0047140452079103166 
0.0032915763775607722 0.0048154181525020441 
0.0019134171258814233 0.0046193976774449369 
0.0025115993304563118 0.0034317710402176739 
0.0030506617904695207 0.0030512779661314312 
0.0041573479639155685 0.0027778513111624743 
0.0041247895569215274 0.0041247895569215274 
0.0027778513111624751 0.0041573479639155685 
0.0035355339059327381 0.0035355339059327381 

3 # number of element types

# Type #0

3 vtx # type name


1 # number of nodes per element
25 # number of elements
# Elements
0 
6 
16 
24 
31 
40 
48 
66 
69 
90 
96 
100 
104 
148 
156 
165 
173 
183 
191 
195 
223 
235 
243 
253 
272 

25 # number of geometric entity indices
# Geometric entity indices
0 
4 
9 
1 
7 
10 
3 
22 
2 
11 
6 
19 
5 
23 
15 
16 
8 
12 
21 
14 
24 
18 
13 
20 
17 

# Type #1

3 edg # type name


2 # number of nodes per element
132 # number of elements
# Elements
1 0 
0 3 
4 1 
3 8 
9 4 
11 6 
6 13 
8 15 
16 9 
18 11 
13 22 
15 24 
25 16 
24 26 
16 27 
28 18 
22 34 
24 35 
36 25 
26 37 
40 28 
27 40 
43 31 
31 45 
34 48 
35 48 
50 36 
37 52 
53 40 
48 54 
40 55 
57 43 
45 61 
48 63 
64 53 
66 50 
54 67 
52 69 
55 72 
73 57 
61 78 
63 79 
81 64 
83 66 
67 85 
69 87 
72 90 
90 73 
79 96 
78 96 
99 83 
100 81 
85 104 
87 106 
109 90 
96 110 
90 113 
96 117 
118 109 
123 99 
125 100 
110 126 
104 129 
106 131 
113 140 
117 142 
143 118 
148 123 
150 125 
126 151 
129 154 
131 156 
140 163 
142 164 
165 143 
169 148 
148 171 
172 150 
151 173 
154 176 
156 177 
156 178 
164 183 
163 183 
184 165 
188 169 
191 172 
171 191 
173 192 
176 195 
177 195 
178 197 
199 183 
201 183 
202 184 
204 199 
206 188 
208 191 
191 209 
197 210 
192 211 
195 213 
195 214 
218 201 
219 202 
220 204 
209 222 
210 223 
223 206 
225 208 
211 228 
213 229 
214 231 
233 218 
235 220 
222 235 
235 219 
240 225 
231 242 
229 243 
228 243 
243 233 
249 235 
242 253 
253 240 
243 256 
261 249 
256 266 
269 261 
266 271 
271 272 
272 269 

132 # number of geometric entity indices
# Geometric entity indices
1 
0 
1 
0 
1 
22 
20 
0 
1 
22 
20 
0 
8 
2 
7 
22 
20 
3 
8 
2 
22 
7 
26 
24 
20 
3 
8 
2 
28 
21 
9 
26 
24 
5 
28 
8 
21 
2 
9 
26 
24 
5 
28 
18 
21 
4 
9 
26 
5 
24 
18 
28 
21 
4 
29 
25 
10 
6 
29 
18 
34 
25 
23 
4 
10 
6 
29 
18 
34 
25 
23 
4 
10 
6 
29 
19 
17 
34 
25 
23 
14 
15 
6 
10 
32 
19 
34 
17 
27 
23 
14 
15 
12 
11 
32 
12 
19 
35 
16 
15 
27 
13 
31 
11 
32 
12 
16 
15 
19 
35 
27 
13 
31 
11 
12 
16 
32 
35 
31 
13 
27 
11 
33 
31 
35 
30 
33 
30 
33 
30 
30 
33 

# Type #2

4 quad # type name


4 # number of nodes per element
256 # number of elements
# Elements
1 5 0 2 
3 0 7 2 
4 10 1 5 
5 11 2 6 
7 2 13 6 
8 3 14 7 
10 4 17 9 
10 18 5 11 
12 6 19 11 
12 21 6 13 
14 7 22 13 
14 23 8 15 
17 9 27 16 
17 28 10 18 
19 11 29 18 
20 12 30 19 
20 32 12 21 
21 33 13 22 
23 14 34 22 
23 35 15 24 
38 27 25 16 
39 26 35 24 
28 17 40 27 
41 29 28 18 
30 19 42 29 
31 20 43 30 
31 45 20 32 
32 46 21 33 
47 34 33 22 
34 48 23 35 
49 38 36 25 
51 37 39 26 
53 40 38 27 
54 39 48 35 
55 41 40 28 
56 42 41 29 
43 30 57 42 
44 31 58 43 
60 45 44 31 
45 61 32 46 
62 47 46 33 
63 48 47 34 
38 49 53 64 
36 50 49 65 
39 54 51 67 
37 51 52 68 
55 40 70 53 
63 71 48 54 
72 56 55 41 
73 57 56 42 
74 58 57 43 
59 44 75 58 
59 76 44 60 
77 61 60 45 
78 62 61 46 
79 63 62 47 
70 53 80 64 
49 65 64 81 
50 66 65 82 
71 84 54 67 
51 67 68 85 
52 68 69 86 
72 55 88 70 
79 89 63 71 
90 73 72 56 
57 73 74 91 
75 58 92 74 
93 76 75 59 
76 94 60 77 
61 77 78 95 
96 79 78 62 
88 70 97 80 
98 80 81 64 
65 82 81 100 
83 101 66 82 
89 102 71 84 
103 85 84 67 
68 85 86 104 
87 69 105 86 
90 72 109 88 
96 110 79 89 
113 91 90 73 
74 91 92 114 
93 115 76 94 
93 75 115 92 
77 94 95 116 
117 96 95 78 
109 88 118 97 
121 97 98 80 
122 98 100 81 
99 124 83 101 
101 125 82 100 
110 126 89 102 
127 103 102 84 
128 104 103 85 
105 86 129 104 
106 87 130 105 
107 134 119 108 
113 90 135 109 
118 108 109 135 
117 137 96 110 
126 110 111 137 
112 132 138 111 
91 113 114 140 
115 141 94 116 
115 92 141 114 
95 116 117 142 
108 118 119 143 
143 118 121 97 
120 107 144 119 
133 107 145 120 
146 121 122 98 
122 100 147 125 
124 99 149 123 
124 150 101 125 
151 127 126 102 
111 132 126 151 
152 128 127 103 
128 153 104 129 
130 105 154 129 
130 155 106 131 
136 157 112 132 
133 158 107 134 
135 159 113 140 
108 134 135 159 
139 160 112 136 
137 117 161 142 
111 137 138 161 
139 112 162 138 
114 140 141 163 
116 141 142 164 
119 143 144 165 
165 143 146 121 
120 144 145 166 
133 145 158 167 
146 122 168 147 
147 125 170 150 
149 123 171 148 
149 172 124 150 
173 152 151 127 
132 157 151 173 
152 174 128 153 
153 175 129 154 
155 130 176 154 
155 177 131 156 
136 160 157 179 
159 180 140 163 
158 180 134 159 
139 162 160 181 
161 142 182 164 
162 138 182 161 
164 141 183 163 
144 165 166 184 
165 146 184 168 
145 166 167 185 
158 167 180 186 
168 147 187 170 
189 171 169 148 
190 170 172 150 
172 149 191 171 
173 192 152 174 
157 179 173 192 
174 193 153 175 
194 176 175 154 
176 195 155 177 
196 178 177 156 
160 181 179 198 
163 180 183 199 
162 182 181 200 
164 183 182 201 
185 166 202 184 
184 168 202 187 
185 203 167 186 
186 204 180 199 
205 187 190 170 
207 189 188 169 
208 191 189 171 
209 190 191 172 
192 211 174 193 
198 211 179 192 
212 194 193 175 
213 195 194 176 
214 196 195 177 
215 197 196 178 
198 181 216 200 
201 183 217 199 
200 182 218 201 
202 219 185 203 
219 202 205 187 
203 220 186 204 
221 217 204 199 
222 205 209 190 
188 206 207 224 
189 207 208 225 
209 191 226 208 
197 215 210 227 
228 212 211 193 
211 198 228 216 
229 213 212 194 
213 230 195 214 
196 214 215 231 
216 200 233 218 
234 218 217 201 
220 203 235 219 
235 219 222 205 
236 221 220 204 
232 217 237 221 
222 209 238 226 
210 227 223 239 
206 223 224 239 
207 224 225 240 
226 208 241 225 
215 231 227 242 
243 229 228 212 
233 243 216 228 
229 244 213 230 
230 245 214 231 
232 247 217 234 
248 233 234 218 
220 235 236 249 
235 222 249 238 
250 237 236 221 
246 232 251 237 
238 226 252 241 
227 242 239 253 
224 239 240 253 
254 241 240 225 
255 242 245 231 
233 248 243 256 
243 256 229 244 
244 257 230 245 
246 258 232 247 
259 248 247 234 
246 251 258 260 
261 250 249 236 
249 238 261 252 
251 237 262 250 
263 252 254 241 
264 253 255 242 
264 254 253 240 
265 255 257 245 
266 256 259 248 
256 266 244 257 
258 267 247 259 
260 268 258 267 
260 251 268 262 
250 261 262 269 
269 261 263 252 
270 264 265 255 
270 263 264 254 
259 267 266 271 
271 265 266 257 
267 268 271 272 
268 262 272 269 
272 270 271 265 
272 269 270 263 

256 # number of geometric entity indices
# Geometric entity indices
1 
1 
1 
1 
1 
1 
1 
1 
4 
4 
1 
1 
1 
1 
4 
4 
4 
4 
1 
1 
7 
2 
1 
4 
4 
4 
4 
4 
4 
1 
7 
2 
7 
2 
4 
4 
4 
6 
6 
4 
4 
4 
7 
7 
2 
2 
8 
3 
4 
4 
6 
6 
6 
6 
4 
4 
8 
7 
7 
3 
2 
2 
8 
3 
4 
6 
6 
6 
6 
6 
4 
8 
8 
7 
7 
3 
3 
2 
2 
8 
3 
6 
6 
6 
6 
6 
6 
8 
8 
8 
7 
7 
3 
3 
3 
2 
2 
9 
9 
9 
5 
5 
5 
6 
6 
6 
6 
9 
8 
9 
9 
8 
8 
7 
7 
3 
5 
3 
3 
2 
2 
5 
9 
9 
9 
5 
5 
5 
5 
6 
6 
9 
8 
9 
9 
8 
8 
7 
7 
3 
5 
3 
3 
2 
2 
5 
9 
9 
5 
5 
5 
6 
9 
8 
9 
9 
8 
12 
8 
7 
3 
5 
3 
3 
2 
12 
5 
9 
5 
5 
9 
8 
9 
9 
8 
12 
12 
8 
3 
5 
3 
3 
12 
12 
5 
10 
5 
9 
8 
9 
10 
8 
12 
12 
11 
12 
3 
5 
3 
11 
12 
5 
10 
9 
8 
10 
10 
11 
12 
12 
12 
11 
12 
3 
5 
11 
11 
10 
10 
10 
11 
10 
10 
11 
12 
12 
11 
11 
10 
11 
11 
10 
10 
10 
10 
11 
10 
11 
11 
11 
11 
10 
11 
10 
10 
10 
10 
11 
11 
11 
10 
11 
10 
10 
11 
11 
