# Created by COMSOL Multiphysics.

# Major & minor version
0 1 
1 # number of tags
# Tags
5 mesh1 
1 # number of types
# Types
3 obj 

# --------- Object 0 ----------

0 0 1 
4 Mesh # class
4 # version
2 # sdim
497 # number of mesh points
0 # lowest mesh point index

# Mesh point coordinates
-0.01 -0.01 
-0.0074999999999999989 -0.0099999999999999985 
-0.0099999999999999985 -0.0074999999999999989 
-0.0076516504294495561 -0.0076516504294495561 
-0.0049999999999999992 -0.0099999999999999985 
-0.0059095132551786837 -0.0080657792648374995 
-0.0099999999999999985 -0.0049999999999999992 
-0.0080657792648374995 -0.0059095132551786854 
-0.0053033008588991067 -0.0053033008588991067 
-0.0024999999999999996 -0.0099999999999999985 
-0.0039350628444110667 -0.0084645482580837008 
-0.0043190265103573693 -0.0061315585296749979 
-0.0099999999999999985 -0.0024999999999999996 
-0.0084645482580837008 -0.0039350628444110676 
-0.0051265241636024696 -0.0051265241636024696 
-0.0061315585296750014 -0.0043190265103573667 
0 -0.01 
-0.0018908269671033223 -0.0086948397527136616 
-0.0028701256888221342 -0.006929096516167404 
-0.0041649089904378777 -0.0059341374730990572 
-0.01 0 
-0.0086948397527136616 -0.0018908269671033243 
-0.0069290965161674057 -0.0028701256888221316 
-0.0049497474683058333 -0.0049497474683058325 
-0.0059341374730990564 -0.0041649089904378803 
0.0024999999999999996 -0.0099999999999999985 
-0.0099999999999999985 0.0024999999999999996 
0 -0.0087500000000000008 
-0.0012816539342066476 -0.007389679505427323 
-0.0027744548325280608 -0.0066981266322951585 
-0.0040107914705183887 -0.0057367164165231148 
-0.0087500000000000008 0 
-0.0073896795054273238 -0.0012816539342066443 
-0.0066981266322951585 -0.0027744548325280634 
-0.0047729707730091971 -0.0047729707730091971 
-0.0057367164165231148 -0.0040107914705183904 
0.0049999999999999992 -0.0099999999999999985 
-0.0099999999999999985 0.0049999999999999992 
0.0018908269671033243 -0.0086948397527136616 
-0.0086948397527136616 0.0018908269671033243 
0 -0.0074999999999999997 
-0.0012510336900437712 -0.0071411041974234826 
-0.0026787839762339896 -0.006467156748422913 
-0.0038566739505989001 -0.0055392953599471733 
-0.0074999999999999997 0 
-0.0071411041974234826 -0.0012510336900437738 
-0.0064671567484229113 -0.0026787839762339918 
-0.0045961940777125617 -0.00459619407771256 
-0.0055392953599471707 -0.0038566739505989018 
0.0039350628444110676 -0.0084645482580837008 
0.0074999999999999989 -0.0099999999999999985 
-0.0084645482580837008 0.0039350628444110676 
-0.0099999999999999985 0.0074999999999999989 
0.0012816539342066443 -0.0073896795054273238 
-0.007389679505427323 0.0012816539342066476 
0 -0.0072500000000000004 
-0.0012204134458808976 -0.0068925288894196406 
-0.0025831131199399188 -0.0062361868645506658 
-0.0037025564306794102 -0.0053418743033712291 
-0.0072500000000000004 0 
-0.006892528889419638 -0.0012204134458809002 
-0.0062361868645506623 -0.0025831131199399219 
-0.0044194173824159246 -0.0044194173824159246 
-0.0053418743033712282 -0.0037025564306794132 
0.0028701256888221316 -0.0069290965161674057 
0.0059095132551786854 -0.0080657792648374995 
0.01 -0.01 
-0.006929096516167404 0.0028701256888221342 
-0.0080657792648374995 0.0059095132551786854 
-0.01 0.01 
0.0012510336900437738 -0.0071411041974234826 
-0.0071411041974234826 0.0012510336900437738 
0 -0.007000000000000001 
-0.0011897932017180238 -0.0066439535814157959 
-0.0024874422636458485 -0.0060052169806784194 
-0.003548438910759922 -0.0051444532467952867 
-0.007000000000000001 0 
-0.0066439535814157968 -0.0011897932017180266 
-0.0042426406871192883 -0.0042426406871192875 
-0.0060052169806784177 -0.0024874422636458502 
-0.0051444532467952858 -0.0035484389107599233 
0.0027744548325280634 -0.0066981266322951585 
0.0043190265103573667 -0.0061315585296750014 
0.0076516504294495561 -0.0076516504294495561 
0.0099999999999999985 -0.0074999999999999989 
-0.0066981266322951585 0.0027744548325280634 
-0.0061315585296749979 0.0043190265103573693 
-0.0076516504294495561 0.0076516504294495561 
-0.0074999999999999989 0.0099999999999999985 
0.0012204134458809002 -0.006892528889419638 
-0.006892528889419638 0.0012204134458809002 
0 -0.0067500000000000017 
-0.0011591729575551502 -0.0063953782734119556 
-0.0023917714073517777 -0.0057742470968061748 
-0.0033943213908404343 -0.0049470321902193434 
-0.0067500000000000017 0 
-0.0063953782734119547 -0.0011591729575551532 
-0.0040658639918226521 -0.0040658639918226521 
-0.0049470321902193425 -0.0033943213908404352 
-0.0057742470968061722 -0.0023917714073517799 
0.0026787839762339918 -0.0064671567484229113 
0.0041649089904378803 -0.0059341374730990564 
0.0099999999999999985 -0.0049999999999999992 
0.0053033008588991067 -0.0053033008588991067 
0.0080657792648374995 -0.0059095132551786837 
-0.0064671567484229113 0.0026787839762339918 
-0.0059341374730990564 0.0041649089904378803 
-0.0053033008588991067 0.0053033008588991067 
-0.0059095132551786837 0.0080657792648374995 
-0.0049999999999999992 0.0099999999999999985 
0.0011897932017180266 -0.0066439535814157968 
-0.0066439535814157968 0.0011897932017180266 
0 -0.0065000000000000023 
-0.0011285527133922768 -0.0061468029654081118 
-0.0022961005510577065 -0.0055432772129339275 
-0.003240203870920944 -0.0047496111336434018 
-0.0065000000000000023 0 
-0.0061468029654081118 -0.00112855271339228 
-0.0038890872965260137 -0.0038890872965260141 
-0.0047496111336434001 -0.0032402038709209453 
-0.0055432772129339275 -0.0022961005510577087 
0.0025831131199399219 -0.0062361868645506623 
0.0040107914705183904 -0.0057367164165231148 
0.0051265241636024696 -0.0051265241636024696 
0.0099999999999999985 -0.0024999999999999996 
0.0084645482580837008 -0.0039350628444110667 
0.0061315585296749979 -0.0043190265103573693 
-0.0062361868645506623 0.0025831131199399219 
-0.0057367164165231148 0.0040107914705183904 
-0.0051265241636024696 0.0051265241636024696 
-0.0043190265103573667 0.0061315585296750014 
-0.0039350628444110667 0.0084645482580837008 
-0.0024999999999999996 0.0099999999999999985 
0.0011591729575551532 -0.0063953782734119547 
-0.0063953782734119547 0.0011591729575551532 
0 -0.0062500000000000029 
-0.0010979324692294032 -0.0058982276574042715 
-0.0022004296947636358 -0.005312307329061682 
-0.0030860863510014549 -0.0045521900770674577 
-0.0062500000000000029 0 
-0.0037123106012293778 -0.0037123106012293778 
-0.0058982276574042723 -0.0010979324692294064 
-0.0045521900770674568 -0.0030860863510014558 
-0.005312307329061682 -0.002200429694763638 
0.01 0 
0.0024874422636458502 -0.0060052169806784177 
0.0038566739505989018 -0.0055392953599471707 
0.0049497474683058325 -0.0049497474683058333 
0.0059341374730990572 -0.0041649089904378777 
0.0086948397527136616 -0.0018908269671033223 
0.006929096516167404 -0.0028701256888221342 
-0.0060052169806784177 0.0024874422636458502 
-0.0055392953599471707 0.0038566739505989018 
-0.0049497474683058333 0.0049497474683058325 
-0.0041649089904378777 0.0059341374730990572 
-0.0028701256888221316 0.0069290965161674057 
-0.0018908269671033223 0.0086948397527136616 
0 0.01 
0.00112855271339228 -0.0061468029654081118 
-0.0061468029654081118 0.00112855271339228 
0 -0.0060000000000000036 
-0.00106731222506653 -0.0056496523494004294 
-0.0021047588384695646 -0.0050813374451894348 
-0.0029319688310819663 -0.0043547690204915161 
-0.0035355339059327381 -0.0035355339059327381 
-0.0060000000000000036 0 
-0.0043547690204915153 -0.0029319688310819672 
-0.0056496523494004285 -0.0010673122250665329 
-0.0050813374451894339 -0.0021047588384695668 
0.0099999999999999985 0.0024999999999999996 
0.0087500000000000008 0 
0.0023917714073517799 -0.0057742470968061722 
0.0037025564306794132 -0.0053418743033712282 
0.0047729707730091971 -0.0047729707730091971 
0.0057367164165231148 -0.0040107914705183887 
0.0066981266322951585 -0.0027744548325280608 
0.007389679505427323 -0.0012816539342066476 
-0.0057742470968061722 0.0023917714073517799 
-0.0053418743033712282 0.0037025564306794132 
-0.0047729707730091971 0.0047729707730091971 
-0.0040107914705183887 0.0057367164165231148 
-0.0027744548325280608 0.0066981266322951585 
-0.0012816539342066443 0.0073896795054273238 
0 0.0087500000000000008 
0.0024999999999999996 0.0099999999999999985 
0.0010979324692294064 -0.0058982276574042723 
-0.0058982276574042723 0.0010979324692294064 
0 -0.0057500000000000042 
-0.001036691980903656 -0.0054010770413965873 
-0.0020090879821754938 -0.0048503675613171884 
-0.0027778513111624743 -0.0041573479639155685 
-0.0030512779661314312 -0.0030506617904695207 
-0.0041573479639155685 -0.0027778513111624751 
-0.0057500000000000042 0 
-0.0048503675613171884 -0.002009087982175496 
-0.0054010770413965865 -0.001036691980903659 
0.0099999999999999985 0.0049999999999999992 
0.0086948397527136616 0.0018908269671033223 
0.0074999999999999997 0 
0.0022961005510577087 -0.0055432772129339275 
0.0035484389107599233 -0.0051444532467952858 
0.00459619407771256 -0.0045961940777125617 
0.0055392953599471733 -0.0038566739505989001 
0.006467156748422913 -0.0026787839762339896 
0.0071411041974234826 -0.0012510336900437712 
0.0049999999999999992 0.0099999999999999985 
-0.0055432772129339275 0.0022961005510577087 
-0.0051444532467952858 0.0035484389107599233 
-0.0045961940777125617 0.00459619407771256 
-0.0038566739505989001 0.0055392953599471733 
-0.0026787839762339896 0.006467156748422913 
-0.0012510336900437712 0.0071411041974234826 
0 0.0074999999999999997 
0.0018908269671033243 0.0086948397527136616 
0.0010673122250665329 -0.0056496523494004285 
-0.0056496523494004285 0.0010673122250665329 
0 -0.005500000000000004 
-0.0010060717367407826 -0.0051525017333927435 
-0.0019134171258814211 -0.0046193976774449369 
-0.0024835270614666427 -0.0034011178827023135 
-0.0027792143721451701 -0.0027686248338834934 
-0.0034317710402176739 -0.0025115993304563118 
-0.0046193976774449369 -0.0019134171258814233 
-0.005500000000000004 0 
-0.0051525017333927435 -0.0010060717367407859 
0.0099999999999999985 0.0074999999999999989 
0.0084645482580837008 0.0039350628444110667 
0.0073896795054273238 0.0012816539342066443 
0.0072500000000000004 0 
0.002200429694763638 -0.005312307329061682 
0.0033943213908404352 -0.0049470321902193425 
0.0044194173824159246 -0.0044194173824159246 
0.0053418743033712291 -0.0037025564306794102 
0.0062361868645506658 -0.0025831131199399188 
0.0068925288894196406 -0.0012204134458808976 
0.0074999999999999989 0.0099999999999999985 
0.0039350628444110676 0.0084645482580837008 
-0.005312307329061682 0.002200429694763638 
-0.0049470321902193425 0.0033943213908404352 
-0.0044194173824159246 0.0044194173824159246 
-0.0037025564306794102 0.0053418743033712291 
-0.0025831131199399188 0.0062361868645506658 
-0.0012204134458808976 0.0068925288894196406 
0 0.0072500000000000004 
0.0012816539342066476 0.007389679505427323 
0.001036691980903659 -0.0054010770413965865 
-0.0054010770413965865 0.001036691980903659 
0 -0.0052500000000000047 
-0.00097545149257790838 -0.0049039264253888971 
-0.001782310621360394 -0.0036369083362669495 
-0.0023591240114025137 -0.0028424522744559372 
-0.0028528610943699701 -0.0023933970578209644 
-0.0036615105287985572 -0.0018050098522717451 
-0.0049039264253888963 -0.00097545149257791163 
-0.0052500000000000047 0 
0.01 0.01 
0.0080657792648374995 0.0059095132551786837 
0.0069290965161674057 0.0028701256888221316 
0.0071411041974234826 0.0012510336900437712 
0.007000000000000001 0 
0.0021047588384695668 -0.0050813374451894339 
0.0032402038709209453 -0.0047496111336434001 
0.0042426406871192875 -0.0042426406871192883 
0.0051444532467952867 -0.003548438910759922 
0.0060052169806784194 -0.0024874422636458485 
0.0066439535814157959 -0.0011897932017180238 
0.0059095132551786854 0.0080657792648374995 
0.0028701256888221342 0.006929096516167404 
-0.0050813374451894339 0.0021047588384695668 
-0.0047496111336434001 0.0032402038709209453 
-0.0042426406871192883 0.0042426406871192875 
-0.003548438910759922 0.0051444532467952867 
-0.0024874422636458485 0.0060052169806784194 
-0.0011897932017180238 0.0066439535814157959 
0 0.007000000000000001 
0.0012510336900437738 0.0071411041974234826 
0.0010060717367407859 -0.0051525017333927435 
-0.0051525017333927435 0.0010060717367407859 
0 -0.0050000000000000001 
-0.00093773393039620816 -0.0037701741244385561 
-0.0018435773831179303 -0.0028178615748098955 
-0.0024686629367423113 -0.0024684260613179565 
-0.002825944118809529 -0.0018508139432518622 
-0.0037848515053091445 -0.0009517631664966717 
-0.0050000000000000001 0 
0.0076516504294495561 0.0076516504294495561 
0.002009087982175496 -0.0048503675613171884 
0.0061315585296750014 0.0043190265103573667 
0.0066981266322951585 0.0027744548325280608 
0.0068925288894196406 0.0012204134458808976 
0.0067500000000000017 0 
0.0030860863510014558 -0.0045521900770674568 
0.0040658639918226521 -0.0040658639918226521 
0.0049470321902193434 -0.0033943213908404343 
0.0057742470968061748 -0.0023917714073517777 
0.0063953782734119556 -0.0011591729575551502 
0.0043190265103573693 0.0061315585296749979 
0.0027744548325280634 0.0066981266322951585 
-0.0048503675613171884 0.002009087982175496 
-0.0045521900770674568 0.0030860863510014558 
-0.0040658639918226521 0.0040658639918226521 
-0.0033943213908404343 0.0049470321902193434 
-0.0023917714073517777 0.0057742470968061748 
-0.0011591729575551502 0.0063953782734119556 
0 0.0067500000000000017 
0.0012204134458809002 0.006892528889419638 
0.0023933970578209644 -0.0028528610943699701 
0.0018050098522717451 -0.0036615105287985572 
0.00097545149257791163 -0.0049039264253888963 
-0.0049039264253888963 0.00097545149257791163 
-0.0036615105287985572 0.0018050098522717451 
-0.0028528610943699701 0.0023933970578209644 
0 -0.003905548950582885 
-0.0010369274992059849 -0.0026858577195670199 
-0.0021645780748231337 -0.0021596268288254163 
-0.0026900883518812093 -0.0010408651867548318 
-0.0039055489505828824 0 
0.0053033008588991067 0.0053033008588991067 
0.0019134171258814233 -0.0046193976774449369 
0.0025115993304563118 -0.0034317710402176739 
0.0027686248338834934 -0.0027792143721451701 
0.0029319688310819672 -0.0043547690204915153 
0.0059341374730990572 0.0041649089904378777 
0.006467156748422913 0.0026787839762339896 
0.0066439535814157959 0.0011897932017180238 
0.0065000000000000023 0 
0.0038890872965260141 -0.0038890872965260137 
0.0047496111336434018 -0.003240203870920944 
0.0055432772129339275 -0.0022961005510577065 
0.0061468029654081118 -0.0011285527133922768 
0.0041649089904378803 0.0059341374730990564 
0.0026787839762339918 0.0064671567484229113 
-0.0046193976774449369 0.0019134171258814233 
-0.0043547690204915153 0.0029319688310819672 
-0.0038890872965260137 0.0038890872965260141 
-0.003240203870920944 0.0047496111336434018 
-0.0022961005510577065 0.0055432772129339275 
-0.0011285527133922768 0.0061468029654081118 
0 0.0065000000000000023 
0.0011897932017180266 0.0066439535814157968 
-0.0034317710402176739 0.0025115993304563118 
0.0024684260613179565 -0.0024686629367423113 
0.0018508139432518622 -0.002825944118809529 
0.0009517631664966717 -0.0037848515053091445 
-0.0027792143721451701 0.0027686248338834934 
-0.0037848515053091445 0.0009517631664966717 
-0.002825944118809529 0.0018508139432518622 
-0.0024686629367423113 0.0024684260613179565 
0 -0.0026290595187372077 
-0.0014454834919446437 -0.0014453881251311246 
-0.0026290595187372077 0 
0.0051265241636024696 0.0051265241636024696 
0.0027778513111624751 -0.0041573479639155685 
0.0030506617904695207 -0.0030512779661314312 
0.0028424522744559372 -0.0023591240114025137 
0.0037123106012293778 -0.0037123106012293778 
0.0057367164165231148 0.0040107914705183887 
0.0062361868645506658 0.0025831131199399188 
0.0063953782734119556 0.0011591729575551502 
0.0062500000000000029 0 
0.0045521900770674577 -0.0030860863510014549 
0.005312307329061682 -0.0022004296947636358 
0.0058982276574042715 -0.0010979324692294032 
0.0040107914705183904 0.0057367164165231148 
0.0025831131199399219 0.0062361868645506623 
-0.0041573479639155685 0.0027778513111624751 
-0.0037123106012293778 0.0037123106012293778 
-0.0030860863510014549 0.0045521900770674577 
-0.0022004296947636358 0.005312307329061682 
-0.0010979324692294032 0.0058982276574042715 
0 0.0062500000000000029 
0.0011591729575551532 0.0063953782734119547 
-0.0030512779661314312 0.0030506617904695207 
0.0021596268288254163 -0.0021645780748231337 
0.0010408651867548318 -0.0026900883518812093 
-0.0023591240114025137 0.0028424522744559372 
-0.0026900883518812093 0.0010408651867548318 
-0.0021645780748231337 0.0021596268288254163 
0 -0.0013145468478209729 
-0.0013145468478209718 0 
0.0049497474683058325 0.0049497474683058333 
0.0035355339059327381 -0.0035355339059327381 
0.0034011178827023135 -0.0024835270614666427 
0.0028178615748098955 -0.0018435773831179303 
0.0043547690204915161 -0.0029319688310819663 
0.0055392953599471733 0.0038566739505989001 
0.0060052169806784194 0.0024874422636458485 
0.0061468029654081118 0.0011285527133922768 
0.0060000000000000036 0 
0.0050813374451894348 -0.0021047588384695646 
0.0056496523494004294 -0.00106731222506653 
0.0038566739505989018 0.0055392953599471707 
0.0024874422636458502 0.0060052169806784177 
-0.0035355339059327381 0.0035355339059327381 
-0.0029319688310819663 0.0043547690204915161 
-0.0021047588384695646 0.0050813374451894348 
-0.00106731222506653 0.0056496523494004294 
0 0.0060000000000000036 
0.00112855271339228 0.0061468029654081118 
-0.0024835270614666427 0.0034011178827023135 
0.0014453881251311246 -0.0014454834919446437 
-0.0018435773831179303 0.0028178615748098955 
-0.0014454834919446437 0.0014453881251311246 
0 0 
0.0047729707730091971 0.0047729707730091971 
0.0041573479639155685 -0.0027778513111624743 
0.0036369083362669495 -0.001782310621360394 
0.0026858577195670199 -0.0010369274992059849 
0.0048503675613171884 -0.0020090879821754938 
0.0053418743033712291 0.0037025564306794102 
0.0057742470968061748 0.0023917714073517777 
0.0058982276574042715 0.0010979324692294032 
0.0057500000000000042 0 
0.0054010770413965873 -0.001036691980903656 
0.0037025564306794132 0.0053418743033712282 
0.0023917714073517799 0.0057742470968061722 
-0.0027778513111624743 0.0041573479639155685 
-0.0020090879821754938 0.0048503675613171884 
-0.001036691980903656 0.0054010770413965873 
0 0.0057500000000000042 
0.0010979324692294064 0.0058982276574042723 
-0.001782310621360394 0.0036369083362669495 
0.0013145468478209729 0 
-0.0010369274992059849 0.0026858577195670199 
0 0.0013145468478209729 
0.00459619407771256 0.0045961940777125617 
0.0046193976774449369 -0.0019134171258814211 
0.0037701741244385561 -0.00093773393039620816 
0.0026290595187372077 0 
0.0051525017333927435 -0.0010060717367407826 
0.0051444532467952867 0.003548438910759922 
0.0055432772129339275 0.0022961005510577065 
0.0056496523494004294 0.00106731222506653 
0.005500000000000004 0 
0.0035484389107599233 0.0051444532467952858 
0.0022961005510577087 0.0055432772129339275 
-0.0019134171258814211 0.0046193976774449369 
-0.0010060717367407826 0.0051525017333927435 
0 0.005500000000000004 
0.0010673122250665329 0.0056496523494004285 
-0.00093773393039620816 0.0037701741244385561 
0.0014453881251311246 0.0014454834919446437 
0 0.0026290595187372077 
0.0044194173824159246 0.0044194173824159246 
0.0049039264253888971 -0.00097545149257790838 
0.003905548950582885 0 
0.0026858577195670199 0.0010369274992059849 
0.0052500000000000047 0 
0.0049470321902193434 0.0033943213908404343 
0.005312307329061682 0.0022004296947636358 
0.0054010770413965873 0.001036691980903656 
0.0033943213908404352 0.0049470321902193425 
0.002200429694763638 0.005312307329061682 
-0.00097545149257790838 0.0049039264253888971 
0 0.0052500000000000047 
0.001036691980903659 0.0054010770413965865 
0.0021596268288254163 0.0021645780748231337 
0 0.003905548950582885 
0.0010408651867548318 0.0026900883518812093 
0.0042426406871192875 0.0042426406871192883 
0.0050000000000000001 0 
0.0037701741244385561 0.00093773393039620816 
0.0028178615748098955 0.0018435773831179303 
0.0051525017333927435 0.0010060717367407826 
0.0047496111336434018 0.003240203870920944 
0.0050813374451894348 0.0021047588384695646 
0.0032402038709209453 0.0047496111336434001 
0.0021047588384695668 0.0050813374451894339 
0 0.0050000000000000001 
0.0010060717367407859 0.0051525017333927435 
0.0024684260613179565 0.0024686629367423113 
0.0018508139432518622 0.002825944118809529 
0.0009517631664966717 0.0037848515053091445 
0.0040658639918226521 0.0040658639918226521 
0.0049039264253888971 0.00097545149257790838 
0.0036369083362669495 0.001782310621360394 
0.0028424522744559372 0.0023591240114025137 
0.0048503675613171884 0.0020090879821754938 
0.0045521900770674577 0.0030860863510014549 
0.0030860863510014558 0.0045521900770674568 
0.002009087982175496 0.0048503675613171884 
0.00097545149257791163 0.0049039264253888963 
0.0023933970578209644 0.0028528610943699701 
0.0018050098522717451 0.0036615105287985572 
0.0027686248338834934 0.0027792143721451701 
0.0038890872965260141 0.0038890872965260137 
0.0046193976774449369 0.0019134171258814211 
0.0034011178827023135 0.0024835270614666427 
0.0043547690204915161 0.0029319688310819663 
0.0029319688310819672 0.0043547690204915153 
0.0019134171258814233 0.0046193976774449369 
0.0025115993304563118 0.0034317710402176739 
0.0030506617904695207 0.0030512779661314312 
0.0037123106012293778 0.0037123106012293778 
0.0041573479639155685 0.0027778513111624743 
0.0027778513111624751 0.0041573479639155685 
0.0035355339059327381 0.0035355339059327381 

3 # number of element types

# Type #0

3 vtx # type name


1 # number of nodes per element
25 # number of elements
# Elements
0 
8 
16 
20 
40 
44 
66 
69 
103 
107 
144 
157 
164 
198 
212 
255 
278 
284 
317 
381 
393 
403 
460 
468 
496 

25 # number of geometric entity indices
# Geometric entity indices
0 
4 
9 
1 
10 
3 
22 
2 
19 
5 
23 
15 
7 
21 
14 
24 
11 
6 
20 
16 
8 
12 
18 
13 
17 

# Type #1

3 edg # type name


2 # number of nodes per element
160 # number of elements
# Elements
1 0 
0 2 
4 1 
2 6 
9 4 
11 8 
6 12 
8 15 
16 9 
18 11 
12 20 
15 22 
25 16 
20 26 
16 27 
28 18 
20 31 
22 32 
36 25 
26 37 
40 28 
27 40 
32 44 
31 44 
50 36 
37 52 
53 40 
44 54 
40 55 
44 59 
64 53 
66 50 
54 67 
52 69 
55 72 
59 76 
82 64 
84 66 
67 86 
69 88 
72 91 
76 95 
102 84 
103 82 
86 107 
88 109 
91 112 
95 116 
124 102 
126 103 
107 130 
109 132 
112 135 
116 139 
144 124 
150 126 
130 155 
132 157 
135 160 
139 165 
169 144 
144 170 
176 150 
155 182 
157 183 
157 184 
160 187 
190 164 
164 192 
165 193 
196 169 
198 176 
170 198 
184 205 
182 212 
183 212 
187 216 
218 190 
192 222 
193 223 
225 196 
227 198 
198 228 
205 235 
212 243 
212 244 
216 247 
248 218 
222 253 
223 254 
235 255 
255 225 
257 227 
228 259 
244 267 
243 274 
247 278 
278 248 
254 284 
253 284 
287 257 
259 290 
267 296 
274 304 
308 278 
284 309 
278 312 
284 316 
296 317 
317 287 
318 308 
290 325 
309 332 
304 338 
312 348 
316 350 
352 318 
325 359 
332 365 
338 370 
348 378 
350 379 
381 352 
359 388 
365 393 
370 397 
379 403 
378 403 
405 381 
388 412 
393 416 
397 419 
422 403 
424 403 
426 405 
428 422 
412 433 
416 436 
419 438 
442 424 
444 426 
445 428 
433 447 
436 453 
438 454 
457 442 
460 445 
447 460 
460 444 
454 468 
453 468 
468 457 
474 460 
468 481 
486 474 
481 490 
494 486 
490 495 
495 496 
496 494 

160 # number of geometric entity indices
# Geometric entity indices
1 
0 
1 
0 
1 
22 
0 
20 
1 
22 
0 
20 
8 
2 
7 
22 
3 
20 
8 
2 
22 
7 
20 
3 
8 
2 
28 
21 
9 
5 
28 
8 
21 
2 
9 
5 
28 
18 
21 
4 
9 
5 
18 
28 
21 
4 
9 
5 
18 
34 
23 
4 
9 
5 
18 
34 
23 
4 
9 
5 
19 
17 
34 
23 
14 
15 
9 
26 
24 
5 
19 
34 
17 
15 
23 
14 
9 
26 
24 
5 
19 
35 
16 
15 
13 
31 
9 
26 
24 
5 
15 
19 
35 
16 
31 
13 
9 
26 
5 
24 
35 
16 
31 
13 
29 
25 
10 
6 
31 
35 
29 
16 
25 
13 
10 
6 
29 
16 
25 
13 
10 
6 
29 
16 
25 
13 
6 
10 
32 
16 
27 
13 
12 
11 
32 
12 
16 
27 
13 
11 
32 
12 
16 
27 
13 
11 
12 
16 
32 
13 
27 
11 
33 
30 
33 
30 
33 
30 
30 
33 

# Type #2

4 quad # type name


4 # number of nodes per element
480 # number of elements
# Elements
1 5 0 3 
2 0 7 3 
4 10 1 5 
5 11 3 8 
6 2 13 7 
7 3 15 8 
10 4 17 9 
10 18 5 11 
14 8 19 11 
13 21 6 12 
13 7 22 15 
14 24 8 15 
17 9 27 16 
17 28 10 18 
19 11 29 18 
23 14 30 19 
21 31 12 20 
21 13 32 22 
24 33 15 22 
23 35 14 24 
38 27 25 16 
39 26 31 20 
28 17 40 27 
41 29 28 18 
30 19 42 29 
34 23 43 30 
32 44 21 31 
45 32 33 22 
35 46 24 33 
34 48 23 35 
49 38 36 25 
51 37 39 26 
53 40 38 27 
54 39 44 31 
55 41 40 28 
56 42 41 29 
43 30 57 42 
47 34 58 43 
59 44 45 32 
60 45 46 33 
48 61 35 46 
47 63 34 48 
38 49 53 64 
36 50 49 65 
39 54 51 67 
37 51 52 68 
55 40 70 53 
59 71 44 54 
72 56 55 41 
73 57 56 42 
58 43 74 57 
62 47 75 58 
76 59 60 45 
77 60 61 46 
63 79 48 61 
62 80 47 63 
70 53 81 64 
49 65 64 82 
50 66 65 83 
71 85 54 67 
51 67 68 86 
52 68 69 87 
72 55 89 70 
76 90 59 71 
91 73 72 56 
92 74 73 57 
75 58 93 74 
78 62 94 75 
95 76 77 60 
96 77 79 61 
78 98 62 80 
80 99 63 79 
89 70 100 81 
101 81 82 64 
65 83 82 103 
84 104 66 83 
90 105 71 85 
106 86 85 67 
68 86 87 107 
88 69 108 87 
91 72 110 89 
95 111 76 90 
112 92 91 73 
113 93 92 74 
94 75 114 93 
97 78 115 94 
116 95 96 77 
117 96 99 79 
97 119 78 98 
98 120 80 99 
110 89 121 100 
122 100 101 81 
123 101 103 82 
102 125 84 104 
104 126 83 103 
111 127 90 105 
128 106 105 85 
129 107 106 86 
108 87 130 107 
109 88 131 108 
112 91 133 110 
116 134 95 111 
135 113 112 92 
136 114 113 93 
115 94 137 114 
118 97 138 115 
139 116 117 96 
141 117 120 99 
118 142 97 119 
119 143 98 120 
133 110 145 121 
146 121 122 100 
147 122 123 101 
123 103 148 126 
125 102 149 124 
125 150 104 126 
134 151 111 127 
152 128 127 105 
153 129 128 106 
129 154 107 130 
131 108 155 130 
131 156 109 132 
135 112 158 133 
139 159 116 134 
160 136 135 113 
161 137 136 114 
138 115 162 137 
140 118 163 138 
165 139 141 117 
140 166 118 142 
167 141 143 120 
142 168 119 143 
149 124 170 144 
158 133 171 145 
172 145 146 121 
173 146 147 122 
147 123 174 148 
148 126 175 150 
149 176 125 150 
159 177 134 151 
178 152 151 127 
179 153 152 128 
153 180 129 154 
154 181 130 155 
156 131 182 155 
156 183 132 157 
160 135 185 158 
165 186 139 159 
187 161 160 136 
188 162 161 137 
163 138 189 162 
164 140 190 163 
164 192 140 166 
193 165 167 141 
166 194 142 168 
195 167 168 143 
197 170 169 144 
176 149 198 170 
185 158 199 171 
200 171 172 145 
201 172 173 146 
173 147 202 174 
174 148 203 175 
204 175 176 150 
186 206 159 177 
207 178 177 151 
208 179 178 152 
179 209 153 180 
180 210 154 181 
211 182 181 155 
182 212 156 183 
213 184 183 157 
187 160 214 185 
193 215 165 186 
216 188 187 161 
217 189 188 162 
190 163 218 189 
191 164 219 190 
221 192 191 164 
192 222 166 194 
223 193 195 167 
224 195 194 168 
226 197 196 169 
227 198 197 170 
228 204 198 176 
214 185 229 199 
230 199 200 171 
231 200 201 172 
201 173 232 202 
202 174 233 203 
234 203 204 175 
236 205 213 184 
215 237 186 206 
238 207 206 177 
239 208 207 178 
208 240 179 209 
209 241 180 210 
242 211 210 181 
243 212 211 182 
244 213 212 183 
216 187 245 214 
223 246 193 215 
247 217 216 188 
248 218 217 189 
249 219 218 190 
220 191 250 219 
220 251 191 221 
252 222 221 192 
253 224 222 194 
254 223 224 195 
196 225 226 256 
197 226 227 257 
228 198 258 227 
259 234 228 204 
245 214 260 229 
261 229 230 199 
262 230 231 200 
231 201 263 232 
232 202 264 233 
265 233 234 203 
205 236 235 266 
213 244 236 267 
246 268 215 237 
269 238 237 206 
270 239 238 207 
239 271 208 240 
240 272 209 241 
273 242 241 210 
274 243 242 211 
243 275 212 244 
247 216 276 245 
254 277 223 246 
278 248 247 217 
218 248 249 279 
250 219 280 249 
281 251 250 220 
251 282 221 252 
222 252 253 283 
284 254 253 224 
235 266 255 285 
225 255 256 285 
276 245 286 260 
226 256 257 287 
258 227 288 257 
259 228 289 258 
290 265 259 234 
291 260 261 229 
292 261 262 230 
262 231 293 263 
263 232 294 264 
295 264 265 233 
236 267 266 296 
275 297 244 267 
277 298 246 268 
299 269 268 237 
300 270 269 238 
270 301 239 271 
271 302 240 272 
303 273 272 241 
304 274 273 242 
274 305 243 275 
278 247 308 276 
284 309 254 277 
312 279 278 248 
249 279 280 313 
281 314 251 282 
281 250 314 280 
252 282 283 315 
316 284 283 253 
266 296 285 317 
256 285 287 317 
308 276 318 286 
321 286 291 260 
322 288 287 257 
289 258 323 288 
290 259 324 289 
325 295 290 265 
326 291 292 261 
292 262 327 293 
293 263 328 294 
329 294 295 264 
330 296 297 267 
305 331 275 297 
309 332 277 298 
333 299 298 268 
334 300 299 269 
300 335 270 301 
301 336 271 302 
337 303 302 272 
338 304 303 273 
304 339 274 305 
306 342 319 307 
312 278 343 308 
318 307 308 343 
316 345 284 309 
332 309 310 345 
311 340 346 310 
279 312 313 348 
314 349 282 315 
314 280 349 313 
283 315 316 350 
351 317 330 296 
351 322 317 287 
307 318 319 352 
352 318 321 286 
320 306 353 319 
341 306 354 320 
355 321 326 291 
356 323 322 288 
324 289 357 323 
325 290 358 324 
359 329 325 295 
326 292 360 327 
327 293 361 328 
362 328 329 294 
363 330 331 297 
339 364 305 331 
365 333 332 298 
310 340 332 365 
366 334 333 299 
334 367 300 335 
335 368 301 336 
369 337 336 302 
370 338 337 303 
338 371 304 339 
344 372 311 340 
341 373 306 342 
343 374 312 348 
307 342 343 374 
347 375 311 344 
345 316 376 350 
310 345 346 376 
347 311 377 346 
313 348 349 378 
315 349 350 379 
380 351 363 330 
380 356 351 322 
319 352 353 381 
381 352 355 321 
320 353 354 382 
341 354 373 383 
355 326 384 360 
385 357 356 323 
358 324 386 357 
359 325 387 358 
388 362 359 329 
360 327 389 361 
390 361 362 328 
391 363 364 331 
371 392 339 364 
393 366 365 333 
340 372 365 393 
366 394 334 367 
367 395 335 368 
396 369 368 336 
397 370 369 337 
370 398 338 371 
344 375 372 399 
374 400 348 378 
373 400 342 374 
347 377 375 401 
376 350 402 379 
377 346 402 376 
379 349 403 378 
404 380 391 363 
404 385 380 356 
353 381 382 405 
381 355 405 384 
354 382 383 406 
373 383 400 407 
384 360 408 389 
409 386 385 357 
387 358 410 386 
388 359 411 387 
412 390 388 362 
413 389 390 361 
414 391 392 364 
398 415 371 392 
393 416 366 394 
372 399 393 416 
394 417 367 395 
418 396 395 368 
419 397 396 369 
397 420 370 398 
375 401 399 421 
378 400 403 422 
377 402 401 423 
379 403 402 424 
425 404 414 391 
425 409 404 385 
406 382 426 405 
405 384 426 408 
406 427 383 407 
407 428 400 422 
429 408 413 389 
430 410 409 386 
411 387 431 410 
412 388 432 411 
433 413 412 390 
434 414 415 392 
420 435 398 415 
416 436 394 417 
421 436 399 416 
437 418 417 395 
438 419 418 396 
419 439 397 420 
421 401 440 423 
424 403 441 422 
423 402 442 424 
443 425 434 414 
443 430 425 409 
426 444 406 427 
444 426 429 408 
427 445 407 428 
446 441 428 422 
447 429 433 413 
448 431 430 410 
432 411 449 431 
433 412 450 432 
451 434 435 415 
439 452 420 435 
453 437 436 417 
436 421 453 440 
454 438 437 418 
438 455 419 439 
440 423 457 442 
458 442 441 424 
459 443 451 434 
459 448 443 430 
445 427 460 444 
460 444 447 429 
461 446 445 428 
456 441 462 446 
447 433 463 450 
464 449 448 431 
450 432 465 449 
466 451 452 435 
455 467 439 452 
468 454 453 437 
457 468 440 453 
454 469 438 455 
456 471 441 458 
472 457 458 442 
473 459 466 451 
473 464 459 448 
445 460 461 474 
460 447 474 463 
475 462 461 446 
470 456 476 462 
463 450 477 465 
478 465 464 449 
479 466 467 452 
469 480 455 467 
457 472 468 481 
468 481 454 469 
470 482 456 471 
483 472 471 458 
470 476 482 484 
485 473 479 466 
485 478 473 464 
486 475 474 461 
474 463 486 477 
476 462 487 475 
488 477 478 465 
489 479 480 467 
490 481 483 472 
481 490 469 480 
482 491 471 483 
484 492 482 491 
484 476 492 487 
493 485 489 479 
493 488 485 478 
475 486 487 494 
494 486 488 477 
483 491 490 495 
495 489 490 480 
491 492 495 496 
492 487 496 494 
496 493 495 489 
496 494 493 488 

480 # number of geometric entity indices
# Geometric entity indices
1 
1 
1 
1 
1 
1 
1 
1 
4 
1 
1 
4 
1 
1 
4 
4 
1 
1 
4 
4 
7 
2 
1 
4 
4 
4 
1 
4 
4 
4 
7 
2 
7 
2 
4 
4 
4 
4 
4 
4 
4 
4 
7 
7 
2 
2 
8 
3 
4 
4 
4 
4 
4 
4 
4 
4 
8 
7 
7 
3 
2 
2 
8 
3 
4 
4 
4 
4 
4 
4 
4 
4 
8 
8 
7 
7 
3 
3 
2 
2 
8 
3 
4 
4 
4 
4 
4 
4 
4 
4 
8 
8 
8 
7 
7 
3 
3 
3 
2 
2 
8 
3 
4 
4 
4 
4 
4 
4 
4 
4 
8 
8 
8 
8 
7 
7 
3 
3 
3 
3 
2 
2 
8 
3 
4 
4 
4 
4 
4 
4 
4 
4 
7 
8 
8 
8 
8 
8 
7 
3 
3 
3 
3 
3 
2 
2 
8 
3 
4 
4 
4 
4 
4 
4 
4 
4 
12 
7 
8 
8 
8 
8 
8 
8 
3 
3 
3 
3 
3 
3 
2 
12 
8 
3 
4 
4 
4 
6 
6 
4 
4 
4 
12 
12 
8 
8 
8 
8 
8 
8 
8 
12 
3 
3 
3 
3 
3 
3 
3 
12 
8 
3 
4 
4 
6 
6 
6 
6 
4 
4 
12 
12 
11 
8 
8 
8 
8 
8 
8 
8 
12 
12 
3 
3 
3 
3 
3 
3 
3 
11 
8 
3 
4 
6 
6 
6 
6 
6 
4 
12 
12 
8 
12 
11 
11 
8 
8 
8 
8 
8 
8 
12 
11 
3 
3 
3 
3 
3 
3 
3 
11 
8 
3 
6 
6 
6 
6 
6 
6 
12 
12 
8 
8 
11 
11 
11 
8 
8 
8 
8 
8 
11 
11 
3 
3 
3 
3 
3 
3 
3 
11 
9 
9 
9 
5 
5 
5 
6 
6 
6 
6 
11 
11 
9 
8 
9 
9 
8 
11 
11 
11 
8 
8 
8 
8 
11 
11 
3 
5 
3 
3 
3 
3 
3 
11 
5 
9 
9 
9 
5 
5 
5 
5 
6 
6 
11 
11 
9 
8 
9 
9 
8 
11 
11 
11 
8 
8 
8 
11 
11 
3 
5 
3 
3 
3 
3 
11 
5 
9 
9 
5 
5 
5 
6 
11 
11 
9 
8 
9 
9 
8 
11 
11 
11 
8 
8 
11 
11 
3 
5 
3 
3 
3 
11 
5 
9 
5 
5 
11 
11 
9 
8 
9 
9 
8 
11 
11 
11 
8 
11 
11 
3 
5 
3 
3 
11 
5 
10 
5 
11 
11 
9 
8 
9 
10 
8 
11 
11 
11 
11 
11 
3 
5 
3 
11 
5 
10 
11 
11 
9 
8 
10 
10 
11 
11 
11 
11 
11 
3 
5 
11 
10 
10 
11 
11 
10 
11 
10 
10 
11 
11 
11 
11 
10 
11 
10 
10 
10 
11 
11 
10 
11 
10 
11 
11 
10 
11 
10 
10 
10 
11 
11 
10 
11 
10 
11 
10 
10 
11 
11 
