# Created by COMSOL Multiphysics.

# Major & minor version
0 1 
1 # number of tags
# Tags
5 mesh1 
1 # number of types
# Types
3 obj 

# --------- Object 0 ----------

0 0 1 
4 Mesh # class
4 # version
2 # sdim
929 # number of mesh vertices
0 # lowest mesh vertex index

# Mesh vertex coordinates
-0.01 -0.01 
-0.0074999999999999989 -0.0099999999999999985 
-0.0076516504294495561 -0.0076516504294495561 
-0.0099999999999999985 -0.0074999999999999989 
-0.0049999999999999992 -0.0099999999999999985 
-0.0059095132551786837 -0.0080657792648374995 
-0.0053033008588991067 -0.0053033008588991067 
-0.0080657792648374995 -0.0059095132551786854 
-0.0099999999999999985 -0.0049999999999999992 
-0.0024999999999999996 -0.0099999999999999985 
-0.0039350628444110667 -0.0084645482580837008 
-0.0043190265103573693 -0.0061315585296749979 
-0.0044194173824159202 -0.0044194173824159202 
-0.0061315585296750014 -0.0043190265103573667 
-0.0084645482580837008 -0.0039350628444110676 
-0.0099999999999999985 -0.0024999999999999996 
0 -0.01 
-0.0018908269671033223 -0.0086948397527136616 
-0.0028701256888221342 -0.006929096516167404 
-0.0035484389107599194 -0.0051444532467952841 
-0.0035355339059327381 -0.0035355339059327381 
-0.0051444532467952832 -0.003548438910759922 
-0.0069290965161674057 -0.0028701256888221316 
-0.0086948397527136616 -0.0018908269671033243 
-0.01 0 
0.0024999999999999996 -0.0099999999999999985 
0 -0.0087500000000000008 
-0.0012816539342066476 -0.007389679505427323 
-0.002391771407351776 -0.0057742470968061687 
-0.0027778513111624743 -0.0041573479639155685 
-0.0030512779661314312 -0.0030506617904695207 
-0.0041573479639155685 -0.0027778513111624751 
-0.0057742470968061687 -0.0023917714073517782 
-0.0073896795054273238 -0.0012816539342066443 
-0.0087500000000000008 0 
-0.0099999999999999985 0.0024999999999999996 
0.0049999999999999992 -0.0099999999999999985 
0.0018908269671033243 -0.0086948397527136616 
0 -0.0074999999999999997 
-0.0011285527133922764 -0.0061468029654081092 
-0.0019134171258814211 -0.0046193976774449369 
-0.0024835270614666427 -0.0034011178827023135 
-0.0027792143721451701 -0.0027686248338834934 
-0.0034317710402176739 -0.0025115993304563118 
-0.0046193976774449369 -0.0019134171258814233 
-0.00614680296540811 -0.0011285527133922792 
-0.0074999999999999997 0 
-0.0086948397527136616 0.0018908269671033243 
-0.0099999999999999985 0.0049999999999999992 
0.0039350628444110676 -0.0084645482580837008 
0.0074999999999999989 -0.0099999999999999985 
0.0012816539342066443 -0.0073896795054273238 
0 -0.0062499999999999995 
-0.00097545149257790838 -0.0049039264253888971 
-0.001782310621360394 -0.0036369083362669495 
-0.0023591240114025137 -0.0028424522744559372 
-0.0028528610943699701 -0.0023933970578209644 
-0.0036615105287985572 -0.0018050098522717451 
-0.0049039264253888963 -0.00097545149257791163 
-0.0062499999999999995 0 
-0.007389679505427323 0.0012816539342066476 
-0.0084645482580837008 0.0039350628444110676 
-0.0099999999999999985 0.0074999999999999989 
0.0028701256888221316 -0.0069290965161674057 
0.0059095132551786854 -0.0080657792648374995 
0.01 -0.01 
0.0011285527133922792 -0.00614680296540811 
0 -0.0050000000000000001 
-0.00093773393039620816 -0.0037701741244385561 
-0.0018435773831179303 -0.0028178615748098955 
-0.0024686629367423113 -0.0024684260613179565 
-0.002825944118809529 -0.0018508139432518622 
-0.0037848515053091445 -0.0009517631664966717 
-0.0050000000000000001 0 
-0.00614680296540811 0.0011285527133922792 
-0.006929096516167404 0.0028701256888221342 
-0.0080657792648374995 0.0059095132551786854 
-0.01 0.01 
0.0023917714073517782 -0.0057742470968061687 
0.0043190265103573667 -0.0061315585296750014 
0.0076516504294495561 -0.0076516504294495561 
0.0099999999999999985 -0.0074999999999999989 
0.0023933970578209644 -0.0028528610943699701 
0.0018050098522717451 -0.0036615105287985572 
0.00097545149257791163 -0.0049039264253888963 
-0.0049039264253888963 0.00097545149257791163 
-0.0036615105287985572 0.0018050098522717451 
-0.0028528610943699701 0.0023933970578209644 
0 -0.003905548950582885 
-0.0010369274992059849 -0.0026858577195670199 
-0.0021645780748231337 -0.0021596268288254163 
-0.0026900883518812093 -0.0010408651867548318 
-0.0039055489505828824 0 
-0.0057742470968061687 0.0023917714073517782 
-0.0061315585296749979 0.0043190265103573693 
-0.0076516504294495561 0.0076516504294495561 
-0.0074999999999999989 0.0099999999999999985 
0.0019134171258814233 -0.0046193976774449369 
0.0025115993304563118 -0.0034317710402176739 
0.0027686248338834934 -0.0027792143721451701 
0.003548438910759922 -0.0051444532467952832 
0.0099999999999999985 -0.0049999999999999992 
0.0053033008588991067 -0.0053033008588991067 
0.0080657792648374995 -0.0059095132551786837 
-0.0046193976774449369 0.0019134171258814233 
-0.0034317710402176739 0.0025115993304563118 
0.0024684260613179565 -0.0024686629367423113 
0.0018508139432518622 -0.002825944118809529 
0.0009517631664966717 -0.0037848515053091445 
-0.0027792143721451701 0.0027686248338834934 
-0.0037848515053091445 0.0009517631664966717 
-0.002825944118809529 0.0018508139432518622 
-0.0024686629367423113 0.0024684260613179565 
0 -0.0026290595187372077 
-0.0014454834919446437 -0.0014453881251311246 
-0.0026290595187372077 0 
-0.0051444532467952832 0.003548438910759922 
-0.0053033008588991067 0.0053033008588991067 
-0.0059095132551786837 0.0080657792648374995 
-0.0049999999999999992 0.0099999999999999985 
0.0027778513111624751 -0.0041573479639155685 
0.0030506617904695207 -0.0030512779661314312 
0.0028424522744559372 -0.0023591240114025137 
0.0044194173824159202 -0.0044194173824159202 
0.0099999999999999985 -0.0024999999999999996 
0.0084645482580837008 -0.0039350628444110667 
0.0061315585296749979 -0.0043190265103573693 
-0.0041573479639155685 0.0027778513111624751 
-0.0030512779661314312 0.0030506617904695207 
0.0021596268288254163 -0.0021645780748231337 
0.0010408651867548318 -0.0026900883518812093 
-0.0023591240114025137 0.0028424522744559372 
-0.0026900883518812093 0.0010408651867548318 
-0.0021645780748231337 0.0021596268288254163 
0 -0.0013145468478209729 
-0.0013145468478209718 0 
-0.0044194173824159202 0.0044194173824159202 
-0.0043190265103573667 0.0061315585296750014 
-0.0039350628444110667 0.0084645482580837008 
-0.0024999999999999996 0.0099999999999999985 
0.0035355339059327381 -0.0035355339059327381 
0.0034011178827023135 -0.0024835270614666427 
0.0028178615748098955 -0.0018435773831179303 
0.01 0 
0.0051444532467952841 -0.0035484389107599194 
0.0086948397527136616 -0.0018908269671033223 
0.006929096516167404 -0.0028701256888221342 
-0.0035355339059327381 0.0035355339059327381 
-0.0024835270614666427 0.0034011178827023135 
0.0014453881251311246 -0.0014454834919446437 
-0.0018435773831179303 0.0028178615748098955 
-0.0014454834919446437 0.0014453881251311246 
0 0 
-0.0035484389107599194 0.0051444532467952841 
-0.0028701256888221316 0.0069290965161674057 
-0.0018908269671033223 0.0086948397527136616 
0 0.01 
0.0041573479639155685 -0.0027778513111624743 
0.0036369083362669495 -0.001782310621360394 
0.0026858577195670199 -0.0010369274992059849 
0.0099999999999999985 0.0024999999999999996 
0.0087500000000000008 0 
0.0057742470968061687 -0.002391771407351776 
0.007389679505427323 -0.0012816539342066476 
-0.0027778513111624743 0.0041573479639155685 
-0.001782310621360394 0.0036369083362669495 
0.0013145468478209729 0 
-0.0010369274992059849 0.0026858577195670199 
0 0.0013145468478209729 
-0.002391771407351776 0.0057742470968061687 
-0.0012816539342066443 0.0073896795054273238 
0 0.0087500000000000008 
0.0024999999999999996 0.0099999999999999985 
0.0046193976774449369 -0.0019134171258814211 
0.0037701741244385561 -0.00093773393039620816 
0.0026290595187372077 0 
0.0099999999999999985 0.0049999999999999992 
0.0086948397527136616 0.0018908269671033223 
0.0074999999999999997 0 
0.0061468029654081092 -0.0011285527133922764 
-0.0019134171258814211 0.0046193976774449369 
-0.00093773393039620816 0.0037701741244385561 
0.0014453881251311246 0.0014454834919446437 
0 0.0026290595187372077 
-0.0011285527133922764 0.0061468029654081092 
0 0.0074999999999999997 
0.0018908269671033243 0.0086948397527136616 
0.0049999999999999992 0.0099999999999999985 
0.0049039264253888971 -0.00097545149257790838 
0.003905548950582885 0 
0.0026858577195670199 0.0010369274992059849 
0.0099999999999999985 0.0074999999999999989 
0.0084645482580837008 0.0039350628444110667 
0.0073896795054273238 0.0012816539342066443 
0.0062499999999999995 0 
-0.00097545149257790838 0.0049039264253888971 
0.0021596268288254163 0.0021645780748231337 
0 0.003905548950582885 
0.0010408651867548318 0.0026900883518812093 
0 0.0062499999999999995 
0.0012816539342066476 0.007389679505427323 
0.0039350628444110676 0.0084645482580837008 
0.0074999999999999989 0.0099999999999999985 
0.0050000000000000001 0 
0.0037701741244385561 0.00093773393039620816 
0.0028178615748098955 0.0018435773831179303 
0.01 0.01 
0.0080657792648374995 0.0059095132551786837 
0.0069290965161674057 0.0028701256888221316 
0.0061468029654081092 0.0011285527133922764 
0 0.0050000000000000001 
0.0024684260613179565 0.0024686629367423113 
0.0018508139432518622 0.002825944118809529 
0.0009517631664966717 0.0037848515053091445 
0.0011285527133922792 0.00614680296540811 
0.0028701256888221342 0.006929096516167404 
0.0059095132551786854 0.0080657792648374995 
0.0049039264253888971 0.00097545149257790838 
0.0036369083362669495 0.001782310621360394 
0.0028424522744559372 0.0023591240114025137 
0.0076516504294495561 0.0076516504294495561 
0.0061315585296750014 0.0043190265103573667 
0.0057742470968061687 0.002391771407351776 
0.00097545149257791163 0.0049039264253888963 
0.0023933970578209644 0.0028528610943699701 
0.0018050098522717451 0.0036615105287985572 
0.0023917714073517782 0.0057742470968061687 
0.0043190265103573693 0.0061315585296749979 
0.0027686248338834934 0.0027792143721451701 
0.0046193976774449369 0.0019134171258814211 
0.0034011178827023135 0.0024835270614666427 
0.0053033008588991067 0.0053033008588991067 
0.0051444532467952841 0.0035484389107599194 
0.0019134171258814233 0.0046193976774449369 
0.0025115993304563118 0.0034317710402176739 
0.003548438910759922 0.0051444532467952832 
0.0030506617904695207 0.0030512779661314312 
0.0041573479639155685 0.0027778513111624743 
0.0044194173824159202 0.0044194173824159202 
0.0027778513111624751 0.0041573479639155685 
0.0035355339059327381 0.0035355339059327381 
-0.0057320648504475807 -0.0048366757747716899 
-0.0065646950849652108 -0.0036269516734350887 
-0.0072014908393172143 -0.0020948817845478128 
-0.007472266899890825 -0.0006443813907895874 
-0.0074722668998908268 0.00064438139078959195 
-0.0072014908393172134 0.0020948817845478163 
-0.0065646950849652082 0.0036269516734350922 
-0.0057320648504475807 0.0048366757747716925 
-0.0048366757747716925 -0.0057320648504475807 
-0.0036269516734350922 -0.0065646950849652082 
-0.0020948817845478163 -0.0072014908393172134 
-0.00064438139078959195 -0.0074722668998908268 
-0.0048366757747716899 0.0057320648504475807 
-0.0036269516734350887 0.0065646950849652108 
-0.0020948817845478128 0.0072014908393172143 
-0.0006443813907895874 0.007472266899890825 
-0.0038595681792205228 -0.0031786370459598533 
-0.0044067532978904252 -0.0023623135633382493 
-0.0047836612529747434 -0.0014548487951633021 
-0.0049758072853036935 -0.00049126556923795848 
-0.0049758072853036926 0.00049126556923796054 
-0.0047836612529747434 0.0014548487951633016 
-0.0044067532978904261 0.0023623135633382493 
-0.0038595681792205233 0.0031786370459598538 
-0.0031786370459598529 -0.0038595681792205237 
-0.0023623135633382484 -0.004406753297890427 
-0.001454848795163391 -0.0047836612529747156 
-0.00049126556923805628 -0.0049758072853036848 
-0.0031786370459598525 0.0038595681792205233 
-0.0023623135633382476 0.004406753297890427 
-0.0014548487951632988 0.0047836612529747434 
-0.00049126556923795718 0.0049758072853036935 
0.0006443813907895874 -0.007472266899890825 
0.0020948817845478128 -0.0072014908393172143 
0.0036269516734350887 -0.0065646950849652108 
0.0048366757747716899 -0.0057320648504475807 
0.00049126556923795848 -0.0049758072853036935 
0.0014548487951633021 -0.0047836612529747434 
0.0023623135633382493 -0.0044067532978904252 
0.0031786370459598533 -0.0038595681792205228 
0.0004912655692380579 0.0049758072853036839 
0.0014548487951633936 0.0047836612529747148 
0.0023623135633382493 0.0044067532978904261 
0.0031786370459598538 0.0038595681792205233 
0.00064438139078959195 0.0074722668998908268 
0.0020948817845478163 0.0072014908393172134 
0.0036269516734350922 0.0065646950849652082 
0.0048366757747716925 0.0057320648504475807 
0.0038595681792205237 -0.0031786370459598529 
0.004406753297890427 -0.0023623135633382484 
0.0047836612529747156 -0.001454848795163391 
0.0049758072853036848 -0.00049126556923805628 
0.0049758072853036935 0.00049126556923795718 
0.0047836612529747434 0.0014548487951632993 
0.0044067532978904252 0.0023623135633382476 
0.003859568179220522 0.0031786370459598529 
0.0057320648504475807 -0.0048366757747716925 
0.0065646950849652082 -0.0036269516734350922 
0.0072014908393172134 -0.0020948817845478163 
0.0074722668998908268 -0.00064438139078959195 
0.007472266899890825 0.0006443813907895874 
0.0072014908393172143 0.0020948817845478128 
0.0065646950849652108 0.0036269516734350887 
0.0057320648504475807 0.0048366757747716899 
-0.0099999999999999985 -0.0087499999999999991 
-0.0099999999999999985 -0.0062499999999999986 
-0.0099999999999999985 -0.0037499999999999994 
-0.0099999999999999985 -0.0012499999999999998 
-0.0087499999999999991 -0.0099999999999999985 
-0.0062499999999999986 -0.0099999999999999985 
-0.0037499999999999994 -0.0099999999999999985 
-0.0012499999999999998 -0.0099999999999999985 
-0.0099999999999999985 0.0012499999999999998 
-0.0099999999999999985 0.0037499999999999994 
-0.0099999999999999985 0.0062499999999999986 
-0.0099999999999999985 0.0087499999999999991 
-0.0093750000000000014 0 
-0.0081250000000000003 0 
-0.0087499999999999991 0.0099999999999999985 
-0.0062499999999999986 0.0099999999999999985 
-0.0037499999999999994 0.0099999999999999985 
-0.0012499999999999998 0.0099999999999999985 
-0.0068749999999999992 0 
-0.0056249999999999998 0 
-0.0044527744752914412 0 
-0.0032673042346600453 0 
-0.0019718031832790897 0 
-0.00065727342391048592 0 
0 -0.0093750000000000014 
0 -0.0081250000000000003 
0.0012499999999999998 -0.0099999999999999985 
0.0037499999999999994 -0.0099999999999999985 
0.0062499999999999986 -0.0099999999999999985 
0.0087499999999999991 -0.0099999999999999985 
0 -0.0068749999999999992 
0 -0.0056249999999999998 
0 -0.004452774475291443 
0 -0.0032673042346600461 
0 -0.0019718031832790901 
0 -0.00065727342391048646 
0 0.00065727342391048646 
0 0.0019718031832790901 
0 0.0032673042346600461 
0 0.004452774475291443 
0.00065727342391048646 0 
0.0019718031832790901 0 
0.0032673042346600461 0 
0.004452774475291443 0 
0 0.0068749999999999992 
0 0.0056249999999999998 
0 0.0093750000000000014 
0 0.0081250000000000003 
0.0012499999999999998 0.0099999999999999985 
0.0037499999999999994 0.0099999999999999985 
0.0062499999999999986 0.0099999999999999985 
0.0087499999999999991 0.0099999999999999985 
0.0068749999999999992 0 
0.0056249999999999998 0 
0.0093750000000000014 0 
0.0081250000000000003 0 
0.0099999999999999985 -0.0087499999999999991 
0.0099999999999999985 -0.0062499999999999986 
0.0099999999999999985 -0.0037499999999999994 
0.0099999999999999985 -0.0012499999999999998 
0.0099999999999999985 0.0012499999999999998 
0.0099999999999999985 0.0037499999999999994 
0.0099999999999999985 0.0062499999999999986 
0.0099999999999999985 0.0087499999999999991 
-0.0051142698827680265 -0.0070986688972562492 
-0.0067805818423141203 -0.0078587148471435282 
-0.0058086288085429059 -0.0067953898487955536 
-0.0064774756441743318 -0.0064774756441743318 
-0.0078587148471435282 -0.0067805818423141203 
-0.0070986688972562509 -0.0051142698827680265 
-0.0067953898487955544 -0.0058086288085429059 
-0.0034025942666166004 -0.0076968223871255528 
-0.0049222880497948752 -0.0082651637614606002 
-0.0042746198616149837 -0.0074149294232129046 
-0.0082651637614606002 -0.0049222880497948769 
-0.0076968223871255528 -0.0034025942666165996 
-0.0074149294232129055 -0.0042746198616149828 
-0.0015862404506549849 -0.0080422596290704931 
-0.0029129449057571947 -0.0085796940053986803 
-0.0025039133451525055 -0.0078905924223579473 
-0.0085796940053986803 -0.002912944905757196 
-0.0080422596290704931 -0.0015862404506549843 
-0.0078905924223579473 -0.0025039133451525042 
-0.00079489743717062655 -0.0080973433881238299 
-0.00094541348355166115 -0.0087224198763568312 
-0.0080973433881238281 -0.00079489743717062471 
-0.0087224198763568312 -0.00094541348355166213 
-0.0080422596290704931 0.001586240450654986 
-0.0080973433881238299 0.00079489743717062709 
-0.0087224198763568312 0.00094541348355166213 
-0.0085796940053986803 0.002912944905757196 
-0.0078905924223579473 0.0025039133451525064 
-0.0076968223871255528 0.0034025942666166009 
-0.0082651637614606002 0.0049222880497948769 
-0.0074149294232129046 0.0042746198616149846 
-0.0070986688972562492 0.0051142698827680274 
-0.0078587148471435282 0.0067805818423141203 
-0.0067953898487955536 0.0058086288085429059 
-0.0064774756441743318 0.0064774756441743318 
-0.0067805818423141203 0.0078587148471435282 
-0.0051142698827680248 0.0070986688972562509 
-0.0058086288085429059 0.0067953898487955544 
-0.0049222880497948752 0.0082651637614606002 
-0.0034025942666165991 0.0076968223871255528 
-0.0042746198616149828 0.0074149294232129055 
-0.0029129449057571947 0.0085796940053986803 
-0.0015862404506549834 0.0080422596290704931 
-0.0025039133451525038 0.0078905924223579473 
-0.00079489743717062428 0.0080973433881238281 
-0.00094541348355166115 0.0087224198763568312 
-0.0061984014827040548 0.00056427635669613959 
-0.0068353341912974416 0.00060432887374286572 
-0.0067682412354177161 0.0012051033237994633 
-0.0055871043840038746 0.00052777096296705017 
-0.0055253646953985032 0.0010520021029850955 
-0.0059605250311071389 0.0017601620603720286 
-0.0065810079352121749 0.0019275219224599224 
-0.0063516718064867868 0.0026309485480869562 
-0.0053720931420409412 0.001607505427767665 
-0.0051968223871255523 0.0021525942666166006 
-0.0056380058882351406 0.0039337327105586455 
-0.0054593501718007264 0.0029701051590558499 
-0.0060120226283829669 0.003298528416245471 
-0.0046509006053554259 0.0031631451109611986 
-0.0049330517348455758 0.0026662093611970498 
-0.0048613591206575135 0.0048613591206575135 
-0.0047819353146056013 0.0039839281465879209 
-0.005257000082526591 0.0044103019606798067 
-0.0039774756441743296 0.0039774756441743296 
-0.0043207517469130621 0.0035812825962738878 
-0.00398392814658792 0.0047819353146056022 
-0.004410301960679805 0.005257000082526591 
-0.0039337327105586429 0.0056380058882351432 
-0.003581282596273886 0.0043207517469130621 
-0.0031631451109611968 0.0046509006053554267 
-0.0029701051590558477 0.0054593501718007264 
-0.0032985284162454684 0.0060120226283829686 
-0.0026309485480869536 0.0063516718064867868 
-0.0026662093611970476 0.0049330517348455767 
-0.0021525942666165985 0.0051968223871255523 
-0.0012051033237994602 0.0067682412354177161 
-0.0017601620603720262 0.0059605250311071389 
-0.0019275219224599196 0.0065810079352121766 
-0.0010520021029850925 0.0055253646953985032 
-0.0016075054277676624 0.0053720931420409403 
-0.00056427635669613818 0.0061984014827040548 
-0.00060432887374286268 0.006835334191297439 
-0.00052777096296704779 0.0055871043840038728 
-0.0048613591206575135 -0.0048613591206575135 
-0.00398392814658792 -0.0047819353146056022 
-0.0044103019606798067 -0.005257000082526591 
-0.0039337327105586446 -0.0056380058882351414 
-0.0047819353146056013 -0.0039839281465879209 
-0.005257000082526591 -0.0044103019606798058 
-0.0056380058882351423 -0.0039337327105586446 
-0.0029701051590558477 -0.0054593501718007264 
-0.0032985284162454702 -0.0060120226283829669 
-0.0026309485480869553 -0.0063516718064867868 
-0.0039774756441743296 -0.0039774756441743296 
-0.0035812825962738865 -0.0043207517469130621 
-0.0031631451109611968 -0.0046509006053554267 
-0.0043207517469130621 -0.0035812825962738869 
-0.0046509006053554259 -0.0031631451109611986 
-0.0054593501718007264 -0.0029701051590558499 
-0.0060120226283829686 -0.0032985284162454693 
-0.0063516718064867868 -0.0026309485480869549 
-0.0017601620603720262 -0.0059605250311071389 
-0.001205103323799462 -0.0067682412354177161 
-0.0019275219224599213 -0.0065810079352121749 
-0.0026662093611970481 -0.0049330517348455767 
-0.0021525942666165985 -0.0051968223871255523 
-0.0049330517348455758 -0.0026662093611970498 
-0.0051968223871255523 -0.0021525942666166006 
-0.0067682412354177169 -0.0012051033237994618 
-0.0059605250311071389 -0.0017601620603720286 
-0.0065810079352121766 -0.0019275219224599209 
-0.00056427635669613818 -0.0061984014827040548 
-0.00060432887374286507 -0.0068353341912974416 
-0.0010520021029850925 -0.0055253646953985032 
-0.0016075054277677086 -0.0053720931420409282 
-0.0055253646953985032 -0.0010520021029850955 
-0.0053720931420409412 -0.0016075054277676654 
-0.0061984014827040548 -0.00056427635669613959 
-0.0068353341912974399 -0.00060432887374286355 
-0.00052777096296709723 -0.0055871043840038694 
-0.0055871043840038746 -0.00052777096296704909 
-0.0038452002279460136 0.00047588158324833585 
-0.0044105037566248527 0.0004835735762431482 
-0.0043443889653490206 0.00096360732953729167 
-0.0041404541031217473 0.0018592134890765841 
-0.0042534211350142969 0.0014166176522737552 
-0.0037231810170538508 0.0013783865093842085 
-0.0035466407845081158 0.0021583045913640287 
-0.0039766970411992709 0.0022603090773511388 
-0.0037945595020666212 0.0026447253208093935 
-0.0032415245031745523 0.0027811305604629162 
-0.003550546341197538 0.002979883803211385 
-0.0032934059360320844 0.0032930978482011292 
-0.0027674025137990367 0.0032258898365859169 
-0.0029730197798794444 0.0035427290079032194 
-0.0026306891863145587 0.003779232923308941 
-0.0018478638736209075 0.0041281530068559436 
-0.0021329188414135184 0.0035190131094846315 
-0.002247616202375883 0.003962883203687529 
-0.0014074355355207999 0.0042436012416637485 
-0.0013600222758783011 0.0037035412303527528 
-0.00095659271148705832 0.0043370502749137266 
-0.00046886696519810408 0.0038378615375107205 
-0.00048006626721803066 0.004406834411407207 
-0.0032934059360320844 -0.0032930978482011292 
-0.0027674025137990367 -0.0032258898365859169 
-0.0029730197798794448 -0.0035427290079032198 
-0.0026306891863145587 -0.003779232923308941 
-0.0037945595020666212 -0.0026447253208093935 
-0.0032415245031745523 -0.0027811305604629162 
-0.003550546341197538 -0.0029798838032113846 
-0.0021329188414135184 -0.0035190131094846315 
-0.0018478638736209075 -0.0041281530068559436 
-0.0022476162023758834 -0.003962883203687529 
-0.0041404541031217473 -0.0018592134890765841 
-0.0035466407845081158 -0.0021583045913640287 
-0.0039766970411992701 -0.0022603090773511388 
-0.0014074355355208461 -0.0042436012416637347 
-0.00095659271148705832 -0.0043370502749137266 
-0.0013600222758783011 -0.0037035412303527528 
-0.0042534211350142969 -0.0014166176522737552 
-0.0037231810170538508 -0.0013783865093842085 
-0.0043443889653490206 -0.00096360732953729167 
-0.00046886696519810408 -0.0038378615375107205 
-0.0004800662672180802 -0.0044068344114072018 
-0.0038452002279460136 -0.00047588158324833585 
-0.0044105037566248536 -0.00048357357624314717 
0.0015862404506549843 -0.0080422596290704931 
0.00079489743717062471 -0.0080973433881238281 
0.00094541348355166213 -0.0087224198763568312 
0.002912944905757196 -0.0085796940053986803 
0.0025039133451525042 -0.0078905924223579473 
0.0034025942666165996 -0.0076968223871255528 
0.0049222880497948769 -0.0082651637614606002 
0.0042746198616149828 -0.0074149294232129055 
0.0051142698827680265 -0.0070986688972562509 
0.0067805818423141203 -0.0078587148471435282 
0.0058086288085429059 -0.0067953898487955544 
0.0064774756441743318 -0.0064774756441743318 
0.0070986688972562492 -0.0051142698827680265 
0.0078587148471435282 -0.0067805818423141203 
0.0067953898487955536 -0.0058086288085429059 
0.0076968223871255528 -0.0034025942666166004 
0.0082651637614606002 -0.0049222880497948752 
0.0074149294232129046 -0.0042746198616149837 
0.0080422596290704931 -0.0015862404506549849 
0.0085796940053986803 -0.0029129449057571947 
0.0078905924223579473 -0.0025039133451525055 
0.0080973433881238299 -0.00079489743717062655 
0.0087224198763568312 -0.00094541348355166115 
0.00056427635669613959 -0.0061984014827040548 
0.00060432887374286355 -0.0068353341912974399 
0.0012051033237994618 -0.0067682412354177169 
0.0017601620603720286 -0.0059605250311071389 
0.0019275219224599209 -0.0065810079352121766 
0.0026309485480869549 -0.0063516718064867868 
0.00052777096296704909 -0.0055871043840038746 
0.0010520021029850955 -0.0055253646953985032 
0.0016075054277676654 -0.0053720931420409412 
0.0021525942666166006 -0.0051968223871255523 
0.0029701051590558499 -0.0054593501718007264 
0.0039337327105586446 -0.0056380058882351423 
0.0032985284162454693 -0.0060120226283829686 
0.0031631451109611986 -0.0046509006053554259 
0.0026662093611970498 -0.0049330517348455758 
0.0039839281465879209 -0.0047819353146056013 
0.0048613591206575135 -0.0048613591206575135 
0.0044103019606798058 -0.005257000082526591 
0.0039774756441743296 -0.0039774756441743296 
0.0035812825962738869 -0.0043207517469130621 
0.0047819353146056022 -0.00398392814658792 
0.005257000082526591 -0.0044103019606798067 
0.0056380058882351414 -0.0039337327105586446 
0.0043207517469130621 -0.0035812825962738865 
0.0046509006053554267 -0.0031631451109611968 
0.0054593501718007264 -0.0029701051590558477 
0.0060120226283829669 -0.0032985284162454702 
0.0063516718064867868 -0.0026309485480869553 
0.0049330517348455767 -0.0026662093611970481 
0.0051968223871255523 -0.0021525942666165985 
0.0059605250311071389 -0.0017601620603720262 
0.0067682412354177161 -0.001205103323799462 
0.0065810079352121749 -0.0019275219224599213 
0.0055253646953985032 -0.0010520021029850925 
0.0053720931420409282 -0.0016075054277677086 
0.0061984014827040548 -0.00056427635669613818 
0.0068353341912974416 -0.00060432887374286507 
0.0055871043840038694 -0.00052777096296709723 
0.00047588158324833585 -0.0038452002279460145 
0.00048357357624314717 -0.0044105037566248544 
0.00096360732953729167 -0.0043443889653490206 
0.0018592134890765841 -0.0041404541031217473 
0.0014166176522737552 -0.0042534211350142969 
0.0013783865093842085 -0.0037231810170538508 
0.0021583045913640287 -0.0035466407845081158 
0.0022603090773511388 -0.0039766970411992701 
0.0026447253208093935 -0.0037945595020666212 
0.0027811305604629162 -0.0032415245031745523 
0.0029798838032113846 -0.003550546341197538 
0.0032930978482011292 -0.0032934059360320844 
0.0032258898365859169 -0.0027674025137990367 
0.0035427290079032198 -0.0029730197798794448 
0.003779232923308941 -0.0026306891863145587 
0.0035190131094846315 -0.0021329188414135184 
0.0041281530068559436 -0.0018478638736209075 
0.003962883203687529 -0.0022476162023758834 
0.0042436012416637347 -0.0014074355355208461 
0.0043370502749137266 -0.00095659271148705832 
0.0037035412303527528 -0.0013600222758783011 
0.0038378615375107205 -0.00046886696519810408 
0.0044068344114072018 -0.0004800662672180802 
0.0038378615375107205 0.00046886696519810408 
0.004406834411407207 0.00048006626721803066 
0.0043370502749137266 0.00095659271148705832 
0.00047588158324833585 0.0038452002279460145 
0.00048357357624319688 0.0044105037566248492 
0.00096360732953729167 0.0043443889653490206 
0.0041281530068559436 0.0018478638736209075 
0.0042436012416637485 0.0014074355355208003 
0.0037035412303527528 0.0013600222758783011 
0.0018592134890765841 0.0041404541031217473 
0.0014166176522738012 0.004253421135014283 
0.0013783865093842085 0.0037231810170538508 
0.0035190131094846315 0.0021329188414135184 
0.0039628832036875282 0.002247616202375883 
0.003779232923308941 0.0026306891863145587 
0.0021583045913640287 0.0035466407845081158 
0.0022603090773511388 0.0039766970411992709 
0.0026447253208093935 0.0037945595020666212 
0.0027811305604629162 0.0032415245031745523 
0.002979883803211385 0.003550546341197538 
0.0032930978482011292 0.0032934059360320844 
0.0032258898365859169 0.0027674025137990367 
0.003542729007903219 0.0029730197798794448 
0.0061984014827040548 0.00056427635669613818 
0.006835334191297439 0.00060432887374286268 
0.0067682412354177161 0.0012051033237994602 
0.00056427635669613959 0.0061984014827040548 
0.00060432887374286572 0.0068353341912974416 
0.0012051033237994633 0.0067682412354177161 
0.0055871043840038728 0.00052777096296704779 
0.0055253646953985032 0.0010520021029850925 
0.0059605250311071389 0.0017601620603720262 
0.0065810079352121766 0.0019275219224599196 
0.0063516718064867868 0.0026309485480869536 
0.00052777096296709874 0.0055871043840038694 
0.0010520021029850955 0.0055253646953985032 
0.0017601620603720286 0.0059605250311071389 
0.0019275219224599224 0.0065810079352121749 
0.0026309485480869562 0.0063516718064867868 
0.0053720931420409403 0.0016075054277676628 
0.0051968223871255523 0.0021525942666165985 
0.0054593501718007264 0.0029701051590558477 
0.0056380058882351432 0.0039337327105586429 
0.0060120226283829686 0.0032985284162454684 
0.001607505427767711 0.0053720931420409264 
0.0021525942666166006 0.0051968223871255523 
0.0039337327105586455 0.0056380058882351406 
0.0029701051590558499 0.0054593501718007264 
0.003298528416245471 0.0060120226283829669 
0.0046509006053554267 0.0031631451109611968 
0.0049330517348455758 0.0026662093611970476 
0.0048613591206575135 0.0048613591206575135 
0.0039839281465879209 0.0047819353146056013 
0.0044103019606798067 0.005257000082526591 
0.0047819353146056022 0.00398392814658792 
0.005257000082526591 0.004410301960679805 
0.0031631451109611986 0.0046509006053554259 
0.0026662093611970498 0.0049330517348455758 
0.0039774756441743296 0.0039774756441743296 
0.0035812825962738878 0.0043207517469130621 
0.0043207517469130621 0.0035812825962738865 
0.0080422596290704931 0.0015862404506549834 
0.0080973433881238281 0.00079489743717062428 
0.0087224198763568312 0.00094541348355166115 
0.001586240450654986 0.0080422596290704931 
0.00079489743717062709 0.0080973433881238299 
0.00094541348355166213 0.0087224198763568312 
0.0085796940053986803 0.0029129449057571947 
0.0078905924223579473 0.0025039133451525038 
0.0076968223871255528 0.0034025942666165991 
0.002912944905757196 0.0085796940053986803 
0.0025039133451525064 0.0078905924223579473 
0.0034025942666166009 0.0076968223871255528 
0.0082651637614606002 0.0049222880497948752 
0.0074149294232129055 0.0042746198616149828 
0.0070986688972562509 0.0051142698827680248 
0.0049222880497948769 0.0082651637614606002 
0.0042746198616149846 0.0074149294232129046 
0.0051142698827680274 0.0070986688972562492 
0.0067805818423141203 0.0078587148471435282 
0.0058086288085429059 0.0067953898487955536 
0.0064774756441743318 0.0064774756441743318 
0.0078587148471435282 0.0067805818423141203 
0.0067953898487955544 0.0058086288085429059 
-0.0067047566275893408 -0.0090328896324187481 
-0.0077652909211570597 -0.0089293574235717633 
-0.0088258252147247786 -0.0088258252147247786 
-0.0090328896324187481 -0.0067047566275893426 
-0.0089293574235717633 -0.0077652909211570597 
-0.004467531422205533 -0.0092322741290418488 
-0.0055861440248974378 -0.0091325818807302984 
-0.0092322741290418488 -0.004467531422205533 
-0.0091325818807303002 -0.0055861440248974378 
-0.0033314724528785969 -0.0092898470026993394 
-0.0021954134835516607 -0.00934741987635683 
-0.0092898470026993394 -0.0033314724528785977 
-0.00934741987635683 -0.002195413483551662 
-0.0010977067417758304 -0.0093612099381784157 
-0.0093612099381784157 -0.001097706741775831 
-0.00934741987635683 0.002195413483551662 
-0.0093612099381784157 0.001097706741775831 
-0.0092322741290418488 0.004467531422205533 
-0.0092898470026993394 0.0033314724528785977 
-0.0091325818807302984 0.0055861440248974378 
-0.0090328896324187481 0.0067047566275893426 
-0.0089293574235717633 0.0077652909211570597 
-0.0088258252147247786 0.0088258252147247786 
-0.0067047566275893408 0.0090328896324187481 
-0.0077652909211570597 0.0089293574235717633 
-0.004467531422205533 0.0092322741290418488 
-0.005586144024897436 0.0091325818807303002 
-0.0033314724528785969 0.0092898470026993394 
-0.0021954134835516607 0.00934741987635683 
-0.0010977067417758304 0.0093612099381784157 
-0.003142316067293822 0.0024524981941386383 
-0.0028394026065897493 0.0021221055005364135 
-0.0031930216955489326 0.0021402050459502211 
-0.0032437273238040431 0.0018279118977618037 
-0.0029152461691383004 0.0029096433121765068 
-0.0028160377332575701 0.0025810109458522289 
-0.0030287811182160614 0.0026810707531575726 
-0.0024138934740724127 0.0026554391678869469 
-0.0026607620155561407 0.0024309115595694602 
-0.0026149656036649916 0.0026182250568695881 
-0.0025691691917738421 0.0028055385541697151 
-0.0032374699285951771 0.00099631417662575167 
-0.0032523870816276112 0.00049815708831287583 
-0.0026595739353092087 0.00052043259337741592 
-0.0032405986261996103 0.001412113037193778 
-0.0027580162353453693 0.001445839565003347 
-0.0023166205057827223 0.0023140264450716864 
-0.0025780115561862358 0.0022180659728040495 
-0.0024952610968163313 0.0020052203860386393 
-0.0026682858527864398 0.0030157141953778164 
-0.0024213255364345784 0.0031217850785791252 
-0.0022089856015214721 0.0025720916848523015 
-0.0020040777289705319 0.0024887442018176557 
-0.0021013506972602219 0.0028301569246329166 
-0.0020677859219129266 0.0012431266559429781 
-0.0020197945525960081 0.00062156332797148905 
-0.0013800151698828078 0.00072269406256556229 
-0.0018050307833838886 0.0018025074769782703 
-0.0022815235093646292 0.0016241735209908087 
-0.0021171347693368699 0.0031745850170587743 
-0.0018129440022391621 0.0032273849555384225 
-0.0016226416122729231 0.0022771835620833641 
-0.0012412054955753143 0.0020656229223490721 
-0.0014402524411619576 0.0027518596471884579 
-0.00069000758494140388 0.00068998374323802443 
-0.00072274174597232183 0.0013799674864760489 
-0.0014001373585201292 0.0032277004387706054 
-0.00098733071480109659 0.0032280159220027882 
-0.00051846374960299246 0.0026574586191521138 
-0.00062060274778765715 0.0020187130528140813 
-0.0004936653574005483 0.0032476600783314172 
-0.0029152461691383004 -0.0029096433121765068 
-0.0025691691917738421 -0.0028055385541697151 
-0.002668285852786439 -0.0030157141953778164 
-0.0024213255364345784 -0.0031217850785791252 
-0.0028160377332575701 -0.0025810109458522289 
-0.0030287811182160614 -0.0026810707531575726 
-0.003142316067293822 -0.0024524981941386383 
-0.0021013506972602219 -0.0028301569246329166 
-0.0021171347693368704 -0.0031745850170587738 
-0.0018129440022391621 -0.0032273849555384225 
-0.0026607620155561407 -0.0024309115595694602 
-0.0024138934740724127 -0.0026554391678869469 
-0.0026149656036649916 -0.0026182250568695881 
-0.0028394026065897493 -0.0021221055005364135 
-0.0031930216955489326 -0.0021402050459502211 
-0.0032437273238040431 -0.0018279118977618037 
-0.0014001373585201292 -0.0032277004387706054 
-0.00098733071480109659 -0.0032280159220027882 
-0.0014402524411619576 -0.0027518596471884579 
-0.0023166205057827223 -0.0023140264450716864 
-0.0025780115561862358 -0.00221806597280405 
-0.0024952610968163313 -0.0020052203860386393 
-0.0022089856015214725 -0.0025720916848523015 
-0.0020040777289705319 -0.0024887442018176557 
-0.0032405986261996103 -0.0014121130371937776 
-0.0027580162353453693 -0.001445839565003347 
-0.0032374699285951771 -0.00099631417662575167 
-0.0004936653574005483 -0.0032476600783314172 
-0.00051846374960299246 -0.0026574586191521138 
-0.0018050307833838886 -0.0018025074769782703 
-0.0022815235093646292 -0.0016241735209908087 
-0.0020677859219129266 -0.0012431266559429781 
-0.0016226416122729231 -0.0022771835620833641 
-0.0012412054955753143 -0.0020656229223490721 
-0.0032523870816276112 -0.00049815708831287583 
-0.0026595739353092087 -0.00052043259337741592 
-0.00062060274778765715 -0.0020187130528140813 
-0.00072274174597232183 -0.0013799674864760489 
-0.0020197945525960081 -0.00062156332797148905 
-0.0013800151698828078 -0.00072269406256556229 
-0.00069000758494140388 -0.00068998374323802443 
0.002195413483551662 -0.00934741987635683 
0.001097706741775831 -0.0093612099381784157 
0.004467531422205533 -0.0092322741290418488 
0.0033314724528785977 -0.0092898470026993394 
0.0055861440248974378 -0.0091325818807303002 
0.0067047566275893426 -0.0090328896324187481 
0.0077652909211570597 -0.0089293574235717633 
0.0088258252147247786 -0.0088258252147247786 
0.0090328896324187481 -0.0067047566275893408 
0.0089293574235717633 -0.0077652909211570597 
0.0092322741290418488 -0.004467531422205533 
0.0091325818807302984 -0.0055861440248974378 
0.0092898470026993394 -0.0033314724528785969 
0.00934741987635683 -0.0021954134835516607 
0.0093612099381784157 -0.0010977067417758304 
0.0021221055005364135 -0.0028394026065897493 
0.0024524981941386383 -0.003142316067293822 
0.0021402050459502211 -0.0031930216955489326 
0.0018279118977618037 -0.0032437273238040431 
0.0025810109458522289 -0.0028160377332575701 
0.0029096433121765068 -0.0029152461691383004 
0.0026810707531575726 -0.0030287811182160614 
0.0024309115595694602 -0.0026607620155561407 
0.0026554391678869469 -0.0024138934740724127 
0.0026182250568695881 -0.0026149656036649916 
0.0028055385541697151 -0.0025691691917738421 
0.0023140264450716864 -0.0023166205057827223 
0.00221806597280405 -0.0025780115561862358 
0.0020052203860386393 -0.0024952610968163313 
0.00099631417662575167 -0.0032374699285951771 
0.00049815708831287583 -0.0032523870816276116 
0.00052043259337741592 -0.0026595739353092087 
0.0014121130371937776 -0.0032405986261996103 
0.001445839565003347 -0.0027580162353453693 
0.0030157141953778164 -0.002668285852786439 
0.0031217850785791252 -0.0024213255364345784 
0.0025720916848523015 -0.0022089856015214725 
0.0028301569246329166 -0.0021013506972602219 
0.0024887442018176557 -0.0020040777289705319 
0.0012431266559429781 -0.0020677859219129266 
0.00062156332797148905 -0.0020197945525960086 
0.00072269406256556229 -0.0013800151698828084 
0.0018025074769782703 -0.0018050307833838886 
0.0016241735209908087 -0.0022815235093646292 
0.0031745850170587738 -0.0021171347693368704 
0.0032273849555384225 -0.0018129440022391621 
0.0022771835620833641 -0.0016226416122729231 
0.0027518596471884579 -0.0014402524411619576 
0.0020656229223490721 -0.0012412054955753143 
0.00068998374323802443 -0.0006900075849414042 
0.0013799674864760489 -0.00072274174597232183 
0.0032277004387706054 -0.0014001373585201292 
0.0032280159220027882 -0.00098733071480109659 
0.0026574586191521138 -0.00051846374960299246 
0.0020187130528140813 -0.00062060274778765715 
0.0032476600783314172 -0.0004936653574005483 
0.00072269406256556229 0.0013800151698828084 
0.00068998374323802443 0.0006900075849414042 
0.0013799674864760489 0.00072274174597232183 
0.0020656229223490721 0.0012412054955753143 
0.0026574586191521138 0.00051846374960299246 
0.0020187130528140813 0.00062060274778765715 
0.00052043259337741592 0.0026595739353092087 
0.0012431266559429781 0.0020677859219129266 
0.00062156332797148905 0.0020197945525960086 
0.0032280159220027882 0.00098733071480109659 
0.0032476600783314172 0.0004936653574005483 
0.0018025074769782703 0.0018050307833838886 
0.0024887442018176557 0.0020040777289705319 
0.0022771835620833641 0.0016226416122729231 
0.0027518596471884579 0.0014402524411619576 
0.0020052203860386393 0.0024952610968163313 
0.0016241735209908087 0.0022815235093646292 
0.001445839565003347 0.0027580162353453693 
0.00099631417662575167 0.0032374699285951771 
0.00049815708831287583 0.0032523870816276112 
0.0032273849555384225 0.0018129440022391621 
0.0032277004387706054 0.0014001373585201292 
0.0023140264450716864 0.0023166205057827223 
0.0026554391678869469 0.0024138934740724127 
0.0025720916848523015 0.0022089856015214721 
0.0028301569246329166 0.0021013506972602219 
0.0024309115595694602 0.0026607620155561407 
0.0022180659728040495 0.0025780115561862358 
0.0021221055005364135 0.0028394026065897493 
0.0018279118977618037 0.0032437273238040431 
0.001412113037193778 0.0032405986261996103 
0.0026182250568695881 0.0026149656036649916 
0.0028055385541697151 0.0025691691917738421 
0.0025810109458522289 0.0028160377332575701 
0.0031217850785791252 0.0024213255364345784 
0.0031745850170587743 0.0021171347693368699 
0.0024524981941386383 0.003142316067293822 
0.0021402050459502211 0.0031930216955489326 
0.0029096433121765068 0.0029152461691383004 
0.0026810707531575726 0.0030287811182160614 
0.0030157141953778164 0.0026682858527864398 
0.00934741987635683 0.0021954134835516607 
0.0093612099381784157 0.0010977067417758304 
0.002195413483551662 0.00934741987635683 
0.001097706741775831 0.0093612099381784157 
0.0092322741290418488 0.004467531422205533 
0.0092898470026993394 0.0033314724528785969 
0.004467531422205533 0.0092322741290418488 
0.0033314724528785977 0.0092898470026993394 
0.0091325818807303002 0.005586144024897436 
0.0090328896324187481 0.0067047566275893408 
0.0055861440248974378 0.0091325818807302984 
0.0067047566275893426 0.0090328896324187481 
0.0077652909211570597 0.0089293574235717633 
0.0088258252147247786 0.0088258252147247786 
0.0089293574235717633 0.0077652909211570597 

3 # number of element types

# Type #0

3 vtx # type name


1 # number of vertices per element
25 # number of elements
# Elements
0 
6 
16 
20 
24 
38 
46 
65 
67 
73 
77 
102 
117 
140 
143 
147 
152 
156 
178 
185 
203 
206 
210 
231 
240 

25 # number of geometric entity indices
# Geometric entity indices
0 
4 
9 
7 
1 
10 
3 
22 
11 
6 
2 
19 
5 
16 
23 
8 
12 
15 
21 
14 
18 
24 
13 
20 
17 

# Type #1

4 edg2 # type name


3 # number of vertices per element
128 # number of elements
# Elements
1 0 309 
0 3 305 
4 1 310 
3 8 306 
9 4 311 
11 6 249 
6 13 241 
8 15 307 
16 9 312 
18 11 250 
13 22 242 
15 24 308 
25 16 331 
16 26 329 
27 18 251 
29 20 265 
20 31 257 
22 33 243 
24 34 317 
24 35 313 
36 25 332 
38 27 252 
26 38 330 
40 29 266 
31 44 258 
33 46 244 
34 46 318 
35 48 314 
50 36 333 
51 38 273 
38 52 335 
53 40 267 
44 58 259 
46 59 323 
46 60 245 
48 62 315 
63 51 274 
65 50 334 
52 67 336 
67 53 268 
59 73 324 
58 73 260 
60 75 246 
62 77 316 
79 63 275 
81 65 361 
84 67 277 
73 85 261 
67 88 337 
73 92 325 
75 94 247 
77 96 319 
97 84 278 
101 81 362 
102 79 276 
85 104 262 
88 113 338 
92 115 326 
94 117 248 
96 119 320 
120 97 279 
124 101 363 
126 102 297 
104 127 263 
113 134 339 
115 135 327 
117 137 253 
119 139 321 
140 120 280 
143 124 364 
146 126 298 
127 147 264 
135 152 328 
134 152 340 
137 154 254 
139 156 322 
157 140 289 
160 143 365 
143 161 359 
163 146 299 
147 164 269 
166 152 345 
168 152 341 
154 170 255 
156 171 351 
156 172 353 
173 157 290 
175 166 346 
176 160 366 
178 163 300 
161 178 360 
164 180 270 
183 168 342 
170 185 256 
171 185 352 
172 187 354 
188 173 291 
189 175 347 
191 176 367 
193 178 301 
178 194 357 
180 195 271 
197 183 343 
185 199 349 
185 200 285 
187 202 355 
203 189 348 
194 203 358 
203 188 292 
202 206 356 
206 191 368 
208 193 302 
199 210 350 
195 210 272 
210 197 344 
200 215 286 
217 203 293 
221 208 303 
210 223 281 
215 227 287 
229 217 294 
227 231 288 
231 221 304 
223 233 282 
237 229 295 
233 239 283 
239 240 284 
240 237 296 

128 # number of geometric entity indices
# Geometric entity indices
1 
0 
1 
0 
1 
22 
20 
0 
1 
22 
20 
0 
8 
7 
22 
26 
24 
20 
3 
2 
8 
22 
7 
26 
24 
20 
3 
2 
8 
28 
9 
26 
24 
5 
21 
2 
28 
8 
9 
26 
5 
24 
21 
2 
28 
18 
29 
25 
10 
6 
21 
4 
29 
18 
28 
25 
10 
6 
21 
4 
29 
18 
34 
25 
10 
6 
23 
4 
29 
18 
34 
25 
6 
10 
23 
4 
32 
19 
17 
34 
27 
12 
11 
23 
14 
15 
32 
12 
19 
34 
17 
27 
11 
23 
14 
15 
32 
12 
19 
35 
16 
27 
11 
13 
31 
15 
12 
16 
32 
15 
19 
35 
13 
27 
11 
31 
33 
35 
30 
31 
33 
31 
35 
30 
33 
30 
30 
33 

# Type #2

5 quad2 # type name


9 # number of vertices per element
224 # number of elements
# Elements
1 5 0 2 705 309 706 370 707 
3 0 7 2 305 708 709 707 373 
4 10 1 5 710 310 711 377 705 
5 11 2 6 369 370 371 249 372 
7 2 13 6 373 374 375 372 241 
8 3 14 7 306 712 713 708 379 
10 4 17 9 710 383 714 311 715 
10 18 5 11 376 377 378 250 369 
12 6 19 11 453 454 455 249 456 
12 21 6 13 457 453 458 459 241 
14 7 22 13 379 380 381 374 242 
14 23 8 15 385 712 716 717 307 
17 9 26 16 715 389 718 312 329 
17 27 10 18 382 383 384 251 376 
19 11 28 18 456 460 461 250 462 
20 12 29 19 463 265 464 454 465 
20 31 12 21 257 463 466 467 457 
21 32 13 22 468 459 469 470 242 
23 14 33 22 385 386 387 380 243 
23 34 15 24 391 717 719 317 308 
37 26 25 16 539 817 818 329 331 
27 17 38 26 382 252 388 389 330 
39 28 27 18 471 472 473 462 251 
29 19 40 28 465 266 474 460 475 
30 20 41 29 514 515 516 265 517 
43 31 30 20 518 519 520 257 514 
31 44 21 32 258 467 476 477 468 
45 33 32 22 478 479 480 243 470 
33 46 23 34 244 386 390 318 391 
47 35 34 24 720 394 721 313 317 
49 37 36 25 540 819 820 817 332 
51 38 37 26 273 537 538 330 539 
52 39 38 27 481 335 482 472 252 
53 40 39 28 267 483 484 475 471 
54 41 40 29 521 522 523 517 266 
42 30 55 41 776 777 778 515 779 
42 56 30 43 780 776 781 782 519 
57 44 43 31 524 525 526 258 518 
58 45 44 32 485 259 486 479 477 
59 46 45 33 323 487 488 244 478 
60 47 46 34 392 245 393 394 318 
61 48 47 35 722 395 723 314 720 
37 49 51 63 540 537 541 542 274 
36 50 49 64 333 819 821 822 543 
52 38 66 51 335 560 561 273 562 
67 53 52 39 268 336 489 483 481 
40 53 54 68 267 522 527 528 529 
55 41 69 54 779 783 784 521 785 
70 56 55 42 786 787 788 780 777 
56 71 43 57 789 782 790 791 525 
44 57 58 72 524 259 530 531 532 
73 59 58 45 324 260 490 487 485 
59 74 46 60 415 323 416 417 245 
47 60 61 75 392 395 396 246 397 
48 61 62 76 722 315 724 398 725 
66 51 78 63 562 563 564 274 565 
49 64 63 79 543 542 544 545 275 
50 65 64 80 334 822 823 824 546 
67 52 84 66 336 277 566 560 567 
73 85 59 74 261 324 418 419 415 
88 68 67 53 533 337 534 528 268 
54 68 69 89 529 785 792 793 794 
70 90 56 71 795 786 796 797 789 
70 55 90 69 787 795 798 783 799 
57 71 72 91 791 531 800 801 802 
92 73 72 58 325 535 536 260 532 
74 93 60 75 420 417 421 422 246 
61 75 76 94 397 398 399 247 400 
62 76 77 95 725 316 726 401 727 
84 66 97 78 567 278 568 563 569 
100 78 79 63 570 571 572 565 275 
64 80 79 102 546 545 547 548 276 
81 103 65 80 825 361 826 550 824 
85 104 74 93 262 419 423 424 420 
82 107 98 83 832 833 834 835 604 
88 67 108 84 337 598 599 277 600 
97 83 84 108 601 278 602 603 600 
92 110 73 85 491 325 492 493 261 
104 85 86 110 262 494 495 493 496 
87 105 111 86 735 736 737 497 738 
68 88 89 113 533 793 803 338 804 
90 114 71 91 805 797 806 807 801 
90 69 114 89 799 805 808 794 809 
72 91 92 115 802 535 810 811 326 
116 94 93 75 425 426 427 247 422 
76 94 95 117 400 401 402 248 403 
96 77 118 95 319 728 729 727 404 
83 97 98 120 601 604 605 279 606 
120 97 100 78 279 573 574 569 570 
99 82 121 98 836 837 838 833 607 
106 82 122 99 839 840 841 836 842 
123 100 102 79 575 576 577 571 276 
101 125 81 103 827 362 828 553 825 
103 126 80 102 549 550 551 297 548 
127 116 104 93 428 263 429 426 424 
86 105 104 127 497 494 498 499 263 
109 128 87 105 739 740 741 500 735 
106 129 82 107 843 839 844 845 832 
108 130 88 113 846 598 847 848 338 
83 107 108 130 835 603 849 850 846 
112 131 87 109 742 743 744 745 740 
110 92 132 115 491 746 747 326 748 
86 110 111 132 496 738 749 746 750 
112 87 133 111 743 751 752 736 753 
89 113 114 134 804 809 812 339 813 
91 114 115 135 807 811 814 815 327 
136 117 116 94 430 431 432 248 425 
118 95 137 117 404 405 406 403 253 
119 96 138 118 320 730 731 728 407 
98 120 121 140 606 607 608 280 609 
140 120 123 100 280 578 579 573 575 
99 121 122 141 837 842 851 610 852 
106 122 129 142 840 843 853 854 855 
123 102 144 126 576 580 581 297 582 
125 101 145 124 827 556 829 363 830 
125 146 103 126 552 553 554 298 549 
147 136 127 116 433 264 434 431 428 
105 128 127 147 500 499 501 502 264 
109 131 128 148 745 739 754 755 503 
130 149 113 134 856 848 857 858 339 
129 149 107 130 859 845 860 856 850 
112 133 131 150 751 742 756 757 758 
132 115 151 135 748 759 760 327 761 
133 111 151 132 753 762 763 750 759 
135 114 152 134 815 328 816 813 340 
136 153 117 137 435 430 436 437 253 
138 118 154 137 407 408 409 405 254 
138 155 119 139 410 730 732 733 321 
121 140 141 157 609 610 611 289 612 
140 123 157 144 578 289 583 580 584 
122 141 142 158 852 854 861 613 862 
129 142 149 159 855 859 863 864 865 
145 124 161 143 830 559 831 364 359 
144 126 162 146 582 585 586 298 587 
145 163 125 146 555 556 557 299 552 
147 164 136 153 269 433 438 439 435 
128 148 147 164 503 502 504 505 269 
131 150 148 165 758 755 764 765 507 
134 149 152 166 858 340 866 867 345 
133 151 150 167 762 757 766 767 768 
135 152 151 168 328 761 769 341 770 
153 169 137 154 440 437 441 442 254 
155 138 170 154 410 411 412 408 255 
155 171 139 156 414 733 734 351 322 
158 141 173 157 613 614 615 612 290 
157 144 173 162 584 290 588 585 589 
158 174 142 159 618 862 868 869 864 
159 175 149 166 870 865 871 346 867 
177 161 160 143 684 914 915 359 365 
163 145 178 161 555 300 558 559 360 
179 162 163 146 590 591 592 587 299 
164 180 153 169 270 439 443 444 440 
165 180 148 164 506 507 508 270 505 
165 150 181 167 765 510 771 768 772 
168 152 182 166 341 873 874 345 875 
167 151 183 168 767 773 774 770 342 
184 170 169 154 445 446 447 255 442 
170 185 155 171 256 411 413 352 414 
186 172 171 156 916 687 917 353 351 
173 188 158 174 291 614 616 617 618 
188 173 179 162 291 593 594 589 590 
174 189 159 175 619 869 872 347 870 
190 182 175 166 876 877 878 875 346 
192 177 176 160 688 918 919 914 366 
193 178 177 161 301 682 683 360 684 
194 179 178 163 595 357 596 591 300 
195 184 180 169 448 271 449 446 444 
180 165 195 181 506 271 509 510 511 
181 167 197 183 772 512 775 773 343 
198 183 182 168 879 880 881 342 873 
199 185 184 170 349 450 451 256 445 
200 186 185 171 685 285 686 687 352 
201 187 186 172 920 691 921 354 916 
189 174 203 188 619 348 620 617 292 
203 188 194 179 292 358 597 593 595 
204 190 189 175 882 621 883 877 347 
196 182 205 190 884 885 886 876 887 
176 191 192 207 367 918 922 923 694 
177 192 193 208 688 682 689 690 302 
194 178 209 193 357 644 645 301 646 
210 199 195 184 350 272 452 450 448 
197 210 181 195 344 512 513 272 511 
196 212 182 198 888 884 889 890 880 
213 197 198 183 624 891 892 343 879 
199 214 185 200 647 349 648 649 285 
186 200 201 215 685 691 692 286 693 
187 201 202 216 920 355 924 697 925 
189 203 204 217 348 621 622 293 623 
203 194 217 209 358 293 650 644 651 
218 205 204 190 893 629 894 887 882 
211 196 219 205 895 896 897 885 898 
202 216 206 220 925 356 926 700 927 
191 206 207 220 368 923 928 927 703 
192 207 208 221 694 690 695 696 303 
209 193 222 208 646 652 653 302 654 
197 213 210 223 624 344 625 626 281 
210 223 199 214 281 350 655 656 647 
211 224 196 212 899 895 900 901 888 
225 213 212 198 632 902 903 891 890 
214 226 200 215 657 649 658 659 286 
201 215 216 227 693 697 698 287 699 
211 219 224 228 896 899 904 905 906 
229 218 217 204 627 294 628 629 623 
217 209 229 222 651 294 660 652 661 
219 205 230 218 898 907 908 893 633 
216 227 220 231 699 700 701 288 702 
207 220 221 231 703 696 704 702 304 
232 222 221 208 662 663 664 654 303 
233 223 225 213 282 630 631 626 632 
223 233 214 226 282 656 665 666 657 
224 234 212 225 909 901 910 636 902 
235 227 226 215 667 668 669 287 659 
228 236 224 234 911 906 912 639 909 
228 219 236 230 905 911 913 907 642 
218 229 230 237 627 633 634 295 635 
237 229 232 222 295 670 671 661 662 
238 231 235 227 672 673 674 288 667 
238 232 231 221 675 672 676 663 304 
225 234 233 239 636 630 637 638 283 
239 235 233 226 677 283 678 668 666 
234 236 239 240 639 638 640 641 284 
236 230 240 237 642 641 643 635 296 
240 238 239 235 679 284 680 673 677 
240 237 238 232 296 679 681 670 675 

224 # number of geometric entity indices
# Geometric entity indices
1 
1 
1 
1 
1 
1 
1 
1 
4 
4 
1 
1 
1 
1 
4 
4 
4 
4 
1 
1 
7 
1 
4 
4 
6 
6 
4 
4 
1 
2 
7 
7 
4 
4 
6 
6 
6 
6 
4 
4 
2 
2 
7 
7 
8 
4 
6 
6 
6 
6 
6 
4 
3 
2 
2 
8 
7 
7 
8 
3 
6 
6 
6 
6 
6 
6 
3 
2 
2 
8 
8 
7 
7 
3 
9 
9 
9 
5 
5 
5 
6 
6 
6 
6 
3 
2 
2 
9 
8 
9 
9 
8 
7 
7 
3 
5 
5 
9 
9 
9 
5 
5 
5 
5 
6 
6 
3 
2 
2 
9 
8 
9 
9 
8 
7 
7 
3 
5 
5 
9 
9 
5 
5 
5 
6 
3 
2 
2 
9 
8 
9 
9 
7 
8 
7 
3 
5 
5 
9 
5 
5 
3 
2 
2 
9 
8 
9 
9 
12 
7 
8 
3 
5 
5 
10 
5 
3 
2 
12 
9 
8 
9 
10 
12 
12 
8 
3 
5 
5 
10 
3 
12 
12 
9 
8 
10 
10 
12 
12 
11 
3 
5 
10 
10 
11 
12 
12 
10 
11 
10 
10 
12 
12 
12 
11 
10 
11 
10 
10 
11 
12 
10 
10 
11 
10 
12 
12 
11 
10 
11 
10 
11 
10 
10 
10 
11 
11 
11 
10 
11 
10 
10 
11 
11 
